timeStamp,actualTime(ms),compr1Data,compr2Data,ejectData,precompData,compr1PunchNo,compr2PunchNo,ejectPunchNo,precompPunchNo,Punch1-Sticking,Punch2-Sticking,Punch3-Sticking,Punch4-Sticking,Punch5-Sticking,Punch6-Sticking,Punch7-Sticking,Punch8-Sticking,PressName,PunchType,HeadFlatRadius,RimRadius,NumberOfStations,NumberOfSides,MaxTabletRate,Layers,MainCompRollerRadius1,MainCompRollerRadius2,MainCompRollerRadius3,TurretPitchCircleRadius,PreCompRollerRadius,AngleBetweenPreAndMain,AngleBetweenMainAndEject,EjectionAngle,TurretSpeed,FeederType,FeederSpeed,MaterialsInformation
1335166000,2025-06-02T11:34:34.166,0,43,514,0,0,5,0,0,0,3,0,0,0,0,0,0,Piccola Classic,IPT(TSM)-D,,,8,,,Single,,,,,,,,,30,Agitating,10,Diluent - Starch:99.90%;Lubricant - Magnesium Stearate:0.10%
1335168000,2025-06-02T11:34:34.168,0,49,595,0,0,5,0,0,0,3,0,0,0,0,0,0,Piccola Classic,IPT(TSM)-D,,,8,,,Single,,,,,,,,,30,Agitating,10,Diluent - Starch:99.90%;Lubricant - Magnesium Stearate:0.10%
1335170000,2025-06-02T11:34:34.170,0,42,546,0,0,5,0,0,0,3,0,0,0,0,0,0,Piccola Classic,IPT(TSM)-D,,,8,,,Single,,,,,,,,,30,Agitating,10,Diluent - Starch:99.90%;Lubricant - Magnesium Stearate:0.10%
1335172000,2025-06-02T11:34:34.172,0,40,535,0,0,5,0,0,0,3,0,0,0,0,0,0,Piccola Classic,IPT(TSM)-D,,,8,,,Single,,,,,,,,,30,Agitating,10,Diluent - Starch:99.90%;Lubricant - Magnesium Stearate:0.10%
1335174000,2025-06-02T11:34:34.174,0,38,522,0,0,5,0,0,0,3,0,0,0,0,0,0,Piccola Classic,IPT(TSM)-D,,,8,,,Single,,,,,,,,,30,Agitating,10,Diluent - Starch:99.90%;Lubricant - Magnesium Stearate:0.10%
1335176000,2025-06-02T11:34:34.176,0,23,549,0,0,5,0,0,0,3,0,0,0,0,0,0,Piccola Classic,IPT(TSM)-D,,,8,,,Single,,,,,,,,,30,Agitating,10,Diluent - Starch:99.90%;Lubricant - Magnesium Stearate:0.10%
1335178000,2025-06-02T11:34:34.178,0,31,598,0,0,5,0,0,0,3,0,0,0,0,0,0,Piccola Classic,IPT(TSM)-D,,,8,,,Single,,,,,,,,,30,Agitating,10,Diluent - Starch:99.90%;Lubricant - Magnesium Stearate:0.10%
1335180000,2025-06-02T11:34:34.180,0,57,549,0,0,5,0,0,0,3,0,0,0,0,0,0,Piccola Classic,IPT(TSM)-D,,,8,,,Single,,,,,,,,,30,Agitating,10,Diluent - Starch:99.90%;Lubricant - Magnesium Stearate:0.10%
1335182000,2025-06-02T11:34:34.182,0,46,511,0,0,5,0,0,0,3,0,0,0,0,0,0,Piccola Classic,IPT(TSM)-D,,,8,,,Single,,,,,,,,,30,Agitating,10,Diluent - Starch:99.90%;Lubricant - Magnesium Stearate:0.10%
1335184000,2025-06-02T11:34:34.184,0,28,572,0,0,5,0,0,0,3,0,0,0,0,0,0,Piccola Classic,IPT(TSM)-D,,,8,,,Single,,,,,,,,,30,Agitating,10,Diluent - Starch:99.90%;Lubricant - Magnesium Stearate:0.10%
1335186000,2025-06-02T11:34:34.186,0,34,509,0,0,5,0,0,0,3,0,0,0,0,0,0,Piccola Classic,IPT(TSM)-D,,,8,,,Single,,,,,,,,,30,Agitating,10,Diluent - Starch:99.90%;Lubricant - Magnesium Stearate:0.10%
1335188000,2025-06-02T11:34:34.188,0,34,523,0,0,5,0,0,0,3,0,0,0,0,0,0,Piccola Classic,IPT(TSM)-D,,,8,,,Single,,,,,,,,,30,Agitating,10,Diluent - Starch:99.90%;Lubricant - Magnesium Stearate:0.10%
1335190000,2025-06-02T11:34:34.190,0,30,591,0,0,5,0,0,0,3,0,0,0,0,0,0,Piccola Classic,IPT(TSM)-D,,,8,,,Single,,,,,,,,,30,Agitating,10,Diluent - Starch:99.90%;Lubricant - Magnesium Stearate:0.10%
1335192000,2025-06-02T11:34:34.192,0,31,546,0,0,5,0,0,0,3,0,0,0,0,0,0,Piccola Classic,IPT(TSM)-D,,,8,,,Single,,,,,,,,,30,Agitating,10,Diluent - Starch:99.90%;Lubricant - Magnesium Stearate:0.10%
1335194000,2025-06-02T11:34:34.194,0,52,565,0,0,5,0,0,0,3,0,0,0,0,0,0,Piccola Classic,IPT(TSM)-D,,,8,,,Single,,,,,,,,,30,Agitating,10,Diluent - Starch:99.90%;Lubricant - Magnesium Stearate:0.10%
1335196000,2025-06-02T11:34:34.196,0,44,528,0,0,5,0,0,0,3,0,0,0,0,0,0,Piccola Classic,IPT(TSM)-D,,,8,,,Single,,,,,,,,,30,Agitating,10,Diluent - Starch:99.90%;Lubricant - Magnesium Stearate:0.10%
1335198000,2025-06-02T11:34:34.198,0,49,534,0,0,5,0,0,0,3,0,0,0,0,0,0,Piccola Classic,IPT(TSM)-D,,,8,,,Single,,,,,,,,,30,Agitating,10,Diluent - Starch:99.90%;Lubricant - Magnesium Stearate:0.10%
1335200000,2025-06-02T11:34:34.200,0,35,577,0,0,5,0,0,0,3,0,0,0,0,0,0,Piccola Classic,IPT(TSM)-D,,,8,,,Single,,,,,,,,,30,Agitating,10,Diluent - Starch:99.90%;Lubricant - Magnesium Stearate:0.10%
1335202000,2025-06-02T11:34:34.202,0,34,516,0,0,5,0,0,0,3,0,0,0,0,0,0,Piccola Classic,IPT(TSM)-D,,,8,,,Single,,,,,,,,,30,Agitating,10,Diluent - Starch:99.90%;Lubricant - Magnesium Stearate:0.10%
1335204000,2025-06-02T11:34:34.204,0,34,566,0,0,5,0,0,0,3,0,0,0,0,0,0,Piccola Classic,IPT(TSM)-D,,,8,,,Single,,,,,,,,,30,Agitating,10,Diluent - Starch:99.90%;Lubricant - Magnesium Stearate:0.10%
1335206000,2025-06-02T11:34:34.206,0,28,529,0,0,5,0,0,0,3,0,0,0,0,0,0,Piccola Classic,IPT(TSM)-D,,,8,,,Single,,,,,,,,,30,Agitating,10,Diluent - Starch:99.90%;Lubricant - Magnesium Stearate:0.10%
1335208000,2025-06-02T11:34:34.208,0,27,558,0,0,5,0,0,0,3,0,0,0,0,0,0,Piccola Classic,IPT(TSM)-D,,,8,,,Single,,,,,,,,,30,Agitating,10,Diluent - Starch:99.90%;Lubricant - Magnesium Stearate:0.10%
1335210000,2025-06-02T11:34:34.210,0,44,592,0,0,5,0,0,0,3,0,0,0,0,0,0,Piccola Classic,IPT(TSM)-D,,,8,,,Single,,,,,,,,,30,Agitating,10,Diluent - Starch:99.90%;Lubricant - Magnesium Stearate:0.10%
1335212000,2025-06-02T11:34:34.212,0,46,578,0,0,5,0,0,0,3,0,0,0,0,0,0,Piccola Classic,IPT(TSM)-D,,,8,,,Single,,,,,,,,,30,Agitating,10,Diluent - Starch:99.90%;Lubricant - Magnesium Stearate:0.10%
1335214000,2025-06-02T11:34:34.214,0,42,533,0,0,5,0,0,0,3,0,0,0,0,0,0,Piccola Classic,IPT(TSM)-D,,,8,,,Single,,,,,,,,,30,Agitating,10,Diluent - Starch:99.90%;Lubricant - Magnesium Stearate:0.10%
1335216000,2025-06-02T11:34:34.216,0,44,588,0,0,5,0,0,0,3,0,0,0,0,0,0,Piccola Classic,IPT(TSM)-D,,,8,,,Single,,,,,,,,,30,Agitating,10,Diluent - Starch:99.90%;Lubricant - Magnesium Stearate:0.10%
1335218000,2025-06-02T11:34:34.218,0,35,570,0,0,5,0,0,0,3,0,0,0,0,0,0,Piccola Classic,IPT(TSM)-D,,,8,,,Single,,,,,,,,,30,Agitating,10,Diluent - Starch:99.90%;Lubricant - Magnesium Stearate:0.10%
1335220000,2025-06-02T11:34:34.220,0,0,602,0,0,0,5,0,0,3,0,0,0,0,0,0,Piccola Classic,IPT(TSM)-D,,,8,,,Single,,,,,,,,,30,Agitating,10,Diluent - Starch:99.90%;Lubricant - Magnesium Stearate:0.10%
1335222000,2025-06-02T11:34:34.222,0,0,755,0,0,0,5,0,0,3,0,0,0,0,0,0,Piccola Classic,IPT(TSM)-D,,,8,,,Single,,,,,,,,,30,Agitating,10,Diluent - Starch:99.90%;Lubricant - Magnesium Stearate:0.10%
1335224000,2025-06-02T11:34:34.224,0,0,745,0,0,0,5,0,0,3,0,0,0,0,0,0,Piccola Classic,IPT(TSM)-D,,,8,,,Single,,,,,,,,,30,Agitating,10,Diluent - Starch:99.90%;Lubricant - Magnesium Stearate:0.10%
1335226000,2025-06-02T11:34:34.226,0,0,909,0,0,0,5,0,0,3,0,0,0,0,0,0,Piccola Classic,IPT(TSM)-D,,,8,,,Single,,,,,,,,,30,Agitating,10,Diluent - Starch:99.90%;Lubricant - Magnesium Stearate:0.10%
1335228000,2025-06-02T11:34:34.228,0,0,729,0,0,0,5,0,0,3,0,0,0,0,0,0,Piccola Classic,IPT(TSM)-D,,,8,,,Single,,,,,,,,,30,Agitating,10,Diluent - Starch:99.90%;Lubricant - Magnesium Stearate:0.10%
1335230000,2025-06-02T11:34:34.230,0,0,877,0,0,0,5,0,0,3,0,0,0,0,0,0,Piccola Classic,IPT(TSM)-D,,,8,,,Single,,,,,,,,,30,Agitating,10,Diluent - Starch:99.90%;Lubricant - Magnesium Stearate:0.10%
1335232000,2025-06-02T11:34:34.232,0,0,812,0,0,0,5,0,0,3,0,0,0,0,0,0,Piccola Classic,IPT(TSM)-D,,,8,,,Single,,,,,,,,,30,Agitating,10,Diluent - Starch:99.90%;Lubricant - Magnesium Stearate:0.10%
1335234000,2025-06-02T11:34:34.234,0,0,643,0,0,0,5,0,0,3,0,0,0,0,0,0,Piccola Classic,IPT(TSM)-D,,,8,,,Single,,,,,,,,,30,Agitating,10,Diluent - Starch:99.90%;Lubricant - Magnesium Stearate:0.10%
1335236000,2025-06-02T11:34:34.236,0,0,896,0,0,0,5,0,0,3,0,0,0,0,0,0,Piccola Classic,IPT(TSM)-D,,,8,,,Single,,,,,,,,,30,Agitating,10,Diluent - Starch:99.90%;Lubricant - Magnesium Stearate:0.10%
1335238000,2025-06-02T11:34:34.238,0,0,765,0,0,0,5,0,0,3,0,0,0,0,0,0,Piccola Classic,IPT(TSM)-D,,,8,,,Single,,,,,,,,,30,Agitating,10,Diluent - Starch:99.90%;Lubricant - Magnesium Stearate:0.10%
1335240000,2025-06-02T11:34:34.240,0,0,751,0,0,0,5,0,0,3,0,0,0,0,0,0,Piccola Classic,IPT(TSM)-D,,,8,,,Single,,,,,,,,,30,Agitating,10,Diluent - Starch:99.90%;Lubricant - Magnesium Stearate:0.10%
1335242000,2025-06-02T11:34:34.242,0,0,726,0,0,0,5,0,0,3,0,0,0,0,0,0,Piccola Classic,IPT(TSM)-D,,,8,,,Single,,,,,,,,,30,Agitating,10,Diluent - Starch:99.90%;Lubricant - Magnesium Stearate:0.10%
1335244000,2025-06-02T11:34:34.244,0,0,779,0,0,0,5,0,0,3,0,0,0,0,0,0,Piccola Classic,IPT(TSM)-D,,,8,,,Single,,,,,,,,,30,Agitating,10,Diluent - Starch:99.90%;Lubricant - Magnesium Stearate:0.10%
1335246000,2025-06-02T11:34:34.246,0,0,631,0,0,0,5,0,0,3,0,0,0,0,0,0,Piccola Classic,IPT(TSM)-D,,,8,,,Single,,,,,,,,,30,Agitating,10,Diluent - Starch:99.90%;Lubricant - Magnesium Stearate:0.10%
1335248000,2025-06-02T11:34:34.248,0,0,740,0,0,0,5,0,0,3,0,0,0,0,0,0,Piccola Classic,IPT(TSM)-D,,,8,,,Single,,,,,,,,,30,Agitating,10,Diluent - Starch:99.90%;Lubricant - Magnesium Stearate:0.10%
1335250000,2025-06-02T11:34:34.250,0,0,877,0,0,0,5,0,0,3,0,0,0,0,0,0,Piccola Classic,IPT(TSM)-D,,,8,,,Single,,,,,,,,,30,Agitating,10,Diluent - Starch:99.90%;Lubricant - Magnesium Stearate:0.10%
1335252000,2025-06-02T11:34:34.252,0,0,696,0,0,0,5,0,0,3,0,0,0,0,0,0,Piccola Classic,IPT(TSM)-D,,,8,,,Single,,,,,,,,,30,Agitating,10,Diluent - Starch:99.90%;Lubricant - Magnesium Stearate:0.10%
1335254000,2025-06-02T11:34:34.254,0,0,635,0,0,0,5,0,0,3,0,0,0,0,0,0,Piccola Classic,IPT(TSM)-D,,,8,,,Single,,,,,,,,,30,Agitating,10,Diluent - Starch:99.90%;Lubricant - Magnesium Stearate:0.10%
1335256000,2025-06-02T11:34:34.256,0,0,873,0,0,0,5,0,0,3,0,0,0,0,0,0,Piccola Classic,IPT(TSM)-D,,,8,,,Single,,,,,,,,,30,Agitating,10,Diluent - Starch:99.90%;Lubricant - Magnesium Stearate:0.10%
1335258000,2025-06-02T11:34:34.258,0,0,713,0,0,0,5,0,0,3,0,0,0,0,0,0,Piccola Classic,IPT(TSM)-D,,,8,,,Single,,,,,,,,,30,Agitating,10,Diluent - Starch:99.90%;Lubricant - Magnesium Stearate:0.10%
1335260000,2025-06-02T11:34:34.260,0,0,747,0,0,0,5,0,0,3,0,0,0,0,0,0,Piccola Classic,IPT(TSM)-D,,,8,,,Single,,,,,,,,,30,Agitating,10,Diluent - Starch:99.90%;Lubricant - Magnesium Stearate:0.10%
1335262000,2025-06-02T11:34:34.262,0,0,734,0,0,0,5,0,0,3,0,0,0,0,0,0,Piccola Classic,IPT(TSM)-D,,,8,,,Single,,,,,,,,,30,Agitating,10,Diluent - Starch:99.90%;Lubricant - Magnesium Stearate:0.10%
1335264000,2025-06-02T11:34:34.264,0,0,861,0,0,0,5,0,0,3,0,0,0,0,0,0,Piccola Classic,IPT(TSM)-D,,,8,,,Single,,,,,,,,,30,Agitating,10,Diluent - Starch:99.90%;Lubricant - Magnesium Stearate:0.10%
1335266000,2025-06-02T11:34:34.266,0,0,781,0,0,0,5,0,0,3,0,0,0,0,0,0,Piccola Classic,IPT(TSM)-D,,,8,,,Single,,,,,,,,,30,Agitating,10,Diluent - Starch:99.90%;Lubricant - Magnesium Stearate:0.10%
1335268000,2025-06-02T11:34:34.268,0,0,827,0,0,0,5,0,0,3,0,0,0,0,0,0,Piccola Classic,IPT(TSM)-D,,,8,,,Single,,,,,,,,,30,Agitating,10,Diluent - Starch:99.90%;Lubricant - Magnesium Stearate:0.10%
1335270000,2025-06-02T11:34:34.270,0,0,633,0,0,0,5,0,0,3,0,0,0,0,0,0,Piccola Classic,IPT(TSM)-D,,,8,,,Single,,,,,,,,,30,Agitating,10,Diluent - Starch:99.90%;Lubricant - Magnesium Stearate:0.10%
1335272000,2025-06-02T11:34:34.272,0,0,729,0,0,0,5,0,0,3,0,0,0,0,0,0,Piccola Classic,IPT(TSM)-D,,,8,,,Single,,,,,,,,,30,Agitating,10,Diluent - Starch:99.90%;Lubricant - Magnesium Stearate:0.10%
1335274000,2025-06-02T11:34:34.274,0,0,913,0,0,0,5,0,0,3,0,0,0,0,0,0,Piccola Classic,IPT(TSM)-D,,,8,,,Single,,,,,,,,,30,Agitating,10,Diluent - Starch:99.90%;Lubricant - Magnesium Stearate:0.10%
1335276000,2025-06-02T11:34:34.276,0,0,890,0,0,0,5,0,0,3,0,0,0,0,0,0,Piccola Classic,IPT(TSM)-D,,,8,,,Single,,,,,,,,,30,Agitating,10,Diluent - Starch:99.90%;Lubricant - Magnesium Stearate:0.10%
1335278000,2025-06-02T11:34:34.278,0,0,758,0,0,0,5,0,0,3,0,0,0,0,0,0,Piccola Classic,IPT(TSM)-D,,,8,,,Single,,,,,,,,,30,Agitating,10,Diluent - Starch:99.90%;Lubricant - Magnesium Stearate:0.10%
1335280000,2025-06-02T11:34:34.280,0,0,661,0,0,0,5,0,0,3,0,0,0,0,0,0,Piccola Classic,IPT(TSM)-D,,,8,,,Single,,,,,,,,,30,Agitating,10,Diluent - Starch:99.90%;Lubricant - Magnesium Stearate:0.10%
1335282000,2025-06-02T11:34:34.282,0,0,848,0,0,0,5,0,0,3,0,0,0,0,0,0,Piccola Classic,IPT(TSM)-D,,,8,,,Single,,,,,,,,,30,Agitating,10,Diluent - Starch:99.90%;Lubricant - Magnesium Stearate:0.10%
1335284000,2025-06-02T11:34:34.284,0,0,716,0,0,0,5,0,0,3,0,0,0,0,0,0,Piccola Classic,IPT(TSM)-D,,,8,,,Single,,,,,,,,,30,Agitating,10,Diluent - Starch:99.90%;Lubricant - Magnesium Stearate:0.10%
1335286000,2025-06-02T11:34:34.286,0,0,745,0,0,0,5,0,0,3,0,0,0,0,0,0,Piccola Classic,IPT(TSM)-D,,,8,,,Single,,,,,,,,,30,Agitating,10,Diluent - Starch:99.90%;Lubricant - Magnesium Stearate:0.10%
1335288000,2025-06-02T11:34:34.288,0,0,710,0,0,0,5,0,0,3,0,0,0,0,0,0,Piccola Classic,IPT(TSM)-D,,,8,,,Single,,,,,,,,,30,Agitating,10,Diluent - Starch:99.90%;Lubricant - Magnesium Stearate:0.10%
1335290000,2025-06-02T11:34:34.290,0,0,810,0,0,0,5,0,0,3,0,0,0,0,0,0,Piccola Classic,IPT(TSM)-D,,,8,,,Single,,,,,,,,,30,Agitating,10,Diluent - Starch:99.90%;Lubricant - Magnesium Stearate:0.10%
1335292000,2025-06-02T11:34:34.292,0,0,778,0,0,0,5,0,0,3,0,0,0,0,0,0,Piccola Classic,IPT(TSM)-D,,,8,,,Single,,,,,,,,,30,Agitating,10,Diluent - Starch:99.90%;Lubricant - Magnesium Stearate:0.10%
1335294000,2025-06-02T11:34:34.294,0,0,733,0,0,0,5,0,0,3,0,0,0,0,0,0,Piccola Classic,IPT(TSM)-D,,,8,,,Single,,,,,,,,,30,Agitating,10,Diluent - Starch:99.90%;Lubricant - Magnesium Stearate:0.10%
1335296000,2025-06-02T11:34:34.296,0,0,739,0,0,0,5,0,0,3,0,0,0,0,0,0,Piccola Classic,IPT(TSM)-D,,,8,,,Single,,,,,,,,,30,Agitating,10,Diluent - Starch:99.90%;Lubricant - Magnesium Stearate:0.10%
1335298000,2025-06-02T11:34:34.298,0,0,781,0,0,0,5,0,0,3,0,0,0,0,0,0,Piccola Classic,IPT(TSM)-D,,,8,,,Single,,,,,,,,,30,Agitating,10,Diluent - Starch:99.90%;Lubricant - Magnesium Stearate:0.10%
1335300000,2025-06-02T11:34:34.300,0,0,526,235,0,0,0,7,0,3,0,0,0,0,0,0,Piccola Classic,IPT(TSM)-D,,,8,,,Single,,,,,,,,,30,Agitating,10,Diluent - Starch:99.90%;Lubricant - Magnesium Stearate:0.10%
1335302000,2025-06-02T11:34:34.302,0,0,584,217,0,0,0,7,0,3,0,0,0,0,0,0,Piccola Classic,IPT(TSM)-D,,,8,,,Single,,,,,,,,,30,Agitating,10,Diluent - Starch:99.90%;Lubricant - Magnesium Stearate:0.10%
1335304000,2025-06-02T11:34:34.304,0,0,557,218,0,0,0,7,0,3,0,0,0,0,0,0,Piccola Classic,IPT(TSM)-D,,,8,,,Single,,,,,,,,,30,Agitating,10,Diluent - Starch:99.90%;Lubricant - Magnesium Stearate:0.10%
1335306000,2025-06-02T11:34:34.306,0,0,544,232,0,0,0,7,0,3,0,0,0,0,0,0,Piccola Classic,IPT(TSM)-D,,,8,,,Single,,,,,,,,,30,Agitating,10,Diluent - Starch:99.90%;Lubricant - Magnesium Stearate:0.10%
1335308000,2025-06-02T11:34:34.308,0,0,593,227,0,0,0,7,0,3,0,0,0,0,0,0,Piccola Classic,IPT(TSM)-D,,,8,,,Single,,,,,,,,,30,Agitating,10,Diluent - Starch:99.90%;Lubricant - Magnesium Stearate:0.10%
1335310000,2025-06-02T11:34:34.310,0,0,553,210,0,0,0,7,0,3,0,0,0,0,0,0,Piccola Classic,IPT(TSM)-D,,,8,,,Single,,,,,,,,,30,Agitating,10,Diluent - Starch:99.90%;Lubricant - Magnesium Stearate:0.10%
1335312000,2025-06-02T11:34:34.312,0,0,550,209,0,0,0,7,0,3,0,0,0,0,0,0,Piccola Classic,IPT(TSM)-D,,,8,,,Single,,,,,,,,,30,Agitating,10,Diluent - Starch:99.90%;Lubricant - Magnesium Stearate:0.10%
1335314000,2025-06-02T11:34:34.314,0,0,577,231,0,0,0,7,0,3,0,0,0,0,0,0,Piccola Classic,IPT(TSM)-D,,,8,,,Single,,,,,,,,,30,Agitating,10,Diluent - Starch:99.90%;Lubricant - Magnesium Stearate:0.10%
1335316000,2025-06-02T11:34:34.316,0,0,552,219,0,0,0,7,0,3,0,0,0,0,0,0,Piccola Classic,IPT(TSM)-D,,,8,,,Single,,,,,,,,,30,Agitating,10,Diluent - Starch:99.90%;Lubricant - Magnesium Stearate:0.10%
1335318000,2025-06-02T11:34:34.318,0,0,582,232,0,0,0,7,0,3,0,0,0,0,0,0,Piccola Classic,IPT(TSM)-D,,,8,,,Single,,,,,,,,,30,Agitating,10,Diluent - Starch:99.90%;Lubricant - Magnesium Stearate:0.10%
1335320000,2025-06-02T11:34:34.320,0,0,576,234,0,0,0,7,0,3,0,0,0,0,0,0,Piccola Classic,IPT(TSM)-D,,,8,,,Single,,,,,,,,,30,Agitating,10,Diluent - Starch:99.90%;Lubricant - Magnesium Stearate:0.10%
1335322000,2025-06-02T11:34:34.322,0,0,527,226,0,0,0,7,0,3,0,0,0,0,0,0,Piccola Classic,IPT(TSM)-D,,,8,,,Single,,,,,,,,,30,Agitating,10,Diluent - Starch:99.90%;Lubricant - Magnesium Stearate:0.10%
1335324000,2025-06-02T11:34:34.324,0,0,545,235,0,0,0,7,0,3,0,0,0,0,0,0,Piccola Classic,IPT(TSM)-D,,,8,,,Single,,,,,,,,,30,Agitating,10,Diluent - Starch:99.90%;Lubricant - Magnesium Stearate:0.10%
1335326000,2025-06-02T11:34:34.326,0,0,571,206,0,0,0,7,0,3,0,0,0,0,0,0,Piccola Classic,IPT(TSM)-D,,,8,,,Single,,,,,,,,,30,Agitating,10,Diluent - Starch:99.90%;Lubricant - Magnesium Stearate:0.10%
1335328000,2025-06-02T11:34:34.328,0,0,518,211,0,0,0,7,0,3,0,0,0,0,0,0,Piccola Classic,IPT(TSM)-D,,,8,,,Single,,,,,,,,,30,Agitating,10,Diluent - Starch:99.90%;Lubricant - Magnesium Stearate:0.10%
1335330000,2025-06-02T11:34:34.330,0,0,552,236,0,0,0,7,0,3,0,0,0,0,0,0,Piccola Classic,IPT(TSM)-D,,,8,,,Single,,,,,,,,,30,Agitating,10,Diluent - Starch:99.90%;Lubricant - Magnesium Stearate:0.10%
1335332000,2025-06-02T11:34:34.332,0,0,576,241,0,0,0,7,0,3,0,0,0,0,0,0,Piccola Classic,IPT(TSM)-D,,,8,,,Single,,,,,,,,,30,Agitating,10,Diluent - Starch:99.90%;Lubricant - Magnesium Stearate:0.10%
1335334000,2025-06-02T11:34:34.334,0,0,529,238,0,0,0,7,0,3,0,0,0,0,0,0,Piccola Classic,IPT(TSM)-D,,,8,,,Single,,,,,,,,,30,Agitating,10,Diluent - Starch:99.90%;Lubricant - Magnesium Stearate:0.10%
1335336000,2025-06-02T11:34:34.336,0,0,517,204,0,0,0,7,0,3,0,0,0,0,0,0,Piccola Classic,IPT(TSM)-D,,,8,,,Single,,,,,,,,,30,Agitating,10,Diluent - Starch:99.90%;Lubricant - Magnesium Stearate:0.10%
1335338000,2025-06-02T11:34:34.338,0,0,569,209,0,0,0,7,0,3,0,0,0,0,0,0,Piccola Classic,IPT(TSM)-D,,,8,,,Single,,,,,,,,,30,Agitating,10,Diluent - Starch:99.90%;Lubricant - Magnesium Stearate:0.10%
1335340000,2025-06-02T11:34:34.340,0,0,520,248,0,0,0,7,0,3,0,0,0,0,0,0,Piccola Classic,IPT(TSM)-D,,,8,,,Single,,,,,,,,,30,Agitating,10,Diluent - Starch:99.90%;Lubricant - Magnesium Stearate:0.10%
1335342000,2025-06-02T11:34:34.342,0,0,514,211,0,0,0,7,0,3,0,0,0,0,0,0,Piccola Classic,IPT(TSM)-D,,,8,,,Single,,,,,,,,,30,Agitating,10,Diluent - Starch:99.90%;Lubricant - Magnesium Stearate:0.10%
1335344000,2025-06-02T11:34:34.344,0,0,517,242,0,0,0,7,0,3,0,0,0,0,0,0,Piccola Classic,IPT(TSM)-D,,,8,,,Single,,,,,,,,,30,Agitating,10,Diluent - Starch:99.90%;Lubricant - Magnesium Stearate:0.10%
1335346000,2025-06-02T11:34:34.346,0,0,517,206,0,0,0,7,0,3,0,0,0,0,0,0,Piccola Classic,IPT(TSM)-D,,,8,,,Single,,,,,,,,,30,Agitating,10,Diluent - Starch:99.90%;Lubricant - Magnesium Stearate:0.10%
1335348000,2025-06-02T11:34:34.348,0,0,568,213,0,0,0,7,0,3,0,0,0,0,0,0,Piccola Classic,IPT(TSM)-D,,,8,,,Single,,,,,,,,,30,Agitating,10,Diluent - Starch:99.90%;Lubricant - Magnesium Stearate:0.10%
1335350000,2025-06-02T11:34:34.350,0,0,529,220,0,0,0,7,0,3,0,0,0,0,0,0,Piccola Classic,IPT(TSM)-D,,,8,,,Single,,,,,,,,,30,Agitating,10,Diluent - Starch:99.90%;Lubricant - Magnesium Stearate:0.10%
1335352000,2025-06-02T11:34:34.352,0,0,569,232,0,0,0,7,0,3,0,0,0,0,0,0,Piccola Classic,IPT(TSM)-D,,,8,,,Single,,,,,,,,,30,Agitating,10,Diluent - Starch:99.90%;Lubricant - Magnesium Stearate:0.10%
1335354000,2025-06-02T11:34:34.354,0,0,552,244,0,0,0,7,0,3,0,0,0,0,0,0,Piccola Classic,IPT(TSM)-D,,,8,,,Single,,,,,,,,,30,Agitating,10,Diluent - Starch:99.90%;Lubricant - Magnesium Stearate:0.10%
1335356000,2025-06-02T11:34:34.356,0,0,530,211,0,0,0,7,0,3,0,0,0,0,0,0,Piccola Classic,IPT(TSM)-D,,,8,,,Single,,,,,,,,,30,Agitating,10,Diluent - Starch:99.90%;Lubricant - Magnesium Stearate:0.10%
1335358000,2025-06-02T11:34:34.358,0,0,588,232,0,0,0,7,0,3,0,0,0,0,0,0,Piccola Classic,IPT(TSM)-D,,,8,,,Single,,,,,,,,,30,Agitating,10,Diluent - Starch:99.90%;Lubricant - Magnesium Stearate:0.10%
1335360000,2025-06-02T11:34:34.360,93,0,557,0,7,0,0,0,0,3,0,0,0,0,0,0,Piccola Classic,IPT(TSM)-D,,,8,,,Single,,,,,,,,,30,Agitating,10,Diluent - Starch:99.90%;Lubricant - Magnesium Stearate:0.10%
1335362000,2025-06-02T11:34:34.362,98,0,550,0,7,0,0,0,0,3,0,0,0,0,0,0,Piccola Classic,IPT(TSM)-D,,,8,,,Single,,,,,,,,,30,Agitating,10,Diluent - Starch:99.90%;Lubricant - Magnesium Stearate:0.10%
1335364000,2025-06-02T11:34:34.364,102,0,576,0,7,0,0,0,0,3,0,0,0,0,0,0,Piccola Classic,IPT(TSM)-D,,,8,,,Single,,,,,,,,,30,Agitating,10,Diluent - Starch:99.90%;Lubricant - Magnesium Stearate:0.10%
1335366000,2025-06-02T11:34:34.366,91,0,536,0,7,0,0,0,0,3,0,0,0,0,0,0,Piccola Classic,IPT(TSM)-D,,,8,,,Single,,,,,,,,,30,Agitating,10,Diluent - Starch:99.90%;Lubricant - Magnesium Stearate:0.10%
1335368000,2025-06-02T11:34:34.368,104,0,566,0,7,0,0,0,0,3,0,0,0,0,0,0,Piccola Classic,IPT(TSM)-D,,,8,,,Single,,,,,,,,,30,Agitating,10,Diluent - Starch:99.90%;Lubricant - Magnesium Stearate:0.10%
1335370000,2025-06-02T11:34:34.370,93,0,547,0,7,0,0,0,0,3,0,0,0,0,0,0,Piccola Classic,IPT(TSM)-D,,,8,,,Single,,,,,,,,,30,Agitating,10,Diluent - Starch:99.90%;Lubricant - Magnesium Stearate:0.10%
1335372000,2025-06-02T11:34:34.372,103,0,531,0,7,0,0,0,0,3,0,0,0,0,0,0,Piccola Classic,IPT(TSM)-D,,,8,,,Single,,,,,,,,,30,Agitating,10,Diluent - Starch:99.90%;Lubricant - Magnesium Stearate:0.10%
1335374000,2025-06-02T11:34:34.374,98,0,589,0,7,0,0,0,0,3,0,0,0,0,0,0,Piccola Classic,IPT(TSM)-D,,,8,,,Single,,,,,,,,,30,Agitating,10,Diluent - Starch:99.90%;Lubricant - Magnesium Stearate:0.10%
1335376000,2025-06-02T11:34:34.376,96,0,593,0,7,0,0,0,0,3,0,0,0,0,0,0,Piccola Classic,IPT(TSM)-D,,,8,,,Single,,,,,,,,,30,Agitating,10,Diluent - Starch:99.90%;Lubricant - Magnesium Stearate:0.10%
1335378000,2025-06-02T11:34:34.378,102,0,548,0,7,0,0,0,0,3,0,0,0,0,0,0,Piccola Classic,IPT(TSM)-D,,,8,,,Single,,,,,,,,,30,Agitating,10,Diluent - Starch:99.90%;Lubricant - Magnesium Stearate:0.10%
1335380000,2025-06-02T11:34:34.380,109,0,536,0,7,0,0,0,0,3,0,0,0,0,0,0,Piccola Classic,IPT(TSM)-D,,,8,,,Single,,,,,,,,,30,Agitating,10,Diluent - Starch:99.90%;Lubricant - Magnesium Stearate:0.10%
1335382000,2025-06-02T11:34:34.382,114,0,595,0,7,0,0,0,0,3,0,0,0,0,0,0,Piccola Classic,IPT(TSM)-D,,,8,,,Single,,,,,,,,,30,Agitating,10,Diluent - Starch:99.90%;Lubricant - Magnesium Stearate:0.10%
1335384000,2025-06-02T11:34:34.384,94,0,548,0,7,0,0,0,0,3,0,0,0,0,0,0,Piccola Classic,IPT(TSM)-D,,,8,,,Single,,,,,,,,,30,Agitating,10,Diluent - Starch:99.90%;Lubricant - Magnesium Stearate:0.10%
1335386000,2025-06-02T11:34:34.386,100,0,529,0,7,0,0,0,0,3,0,0,0,0,0,0,Piccola Classic,IPT(TSM)-D,,,8,,,Single,,,,,,,,,30,Agitating,10,Diluent - Starch:99.90%;Lubricant - Magnesium Stearate:0.10%
1335388000,2025-06-02T11:34:34.388,106,0,575,0,7,0,0,0,0,3,0,0,0,0,0,0,Piccola Classic,IPT(TSM)-D,,,8,,,Single,,,,,,,,,30,Agitating,10,Diluent - Starch:99.90%;Lubricant - Magnesium Stearate:0.10%
1335390000,2025-06-02T11:34:34.390,114,0,546,0,7,0,0,0,0,3,0,0,0,0,0,0,Piccola Classic,IPT(TSM)-D,,,8,,,Single,,,,,,,,,30,Agitating,10,Diluent - Starch:99.90%;Lubricant - Magnesium Stearate:0.10%
1335392000,2025-06-02T11:34:34.392,91,0,524,0,7,0,0,0,0,3,0,0,0,0,0,0,Piccola Classic,IPT(TSM)-D,,,8,,,Single,,,,,,,,,30,Agitating,10,Diluent - Starch:99.90%;Lubricant - Magnesium Stearate:0.10%
1335394000,2025-06-02T11:34:34.394,119,0,579,0,7,0,0,0,0,3,0,0,0,0,0,0,Piccola Classic,IPT(TSM)-D,,,8,,,Single,,,,,,,,,30,Agitating,10,Diluent - Starch:99.90%;Lubricant - Magnesium Stearate:0.10%
1335396000,2025-06-02T11:34:34.396,119,0,516,0,7,0,0,0,0,3,0,0,0,0,0,0,Piccola Classic,IPT(TSM)-D,,,8,,,Single,,,,,,,,,30,Agitating,10,Diluent - Starch:99.90%;Lubricant - Magnesium Stearate:0.10%
1335398000,2025-06-02T11:34:34.398,104,0,520,0,7,0,0,0,0,3,0,0,0,0,0,0,Piccola Classic,IPT(TSM)-D,,,8,,,Single,,,,,,,,,30,Agitating,10,Diluent - Starch:99.90%;Lubricant - Magnesium Stearate:0.10%
1335400000,2025-06-02T11:34:34.400,113,0,541,0,7,0,0,0,0,3,0,0,0,0,0,0,Piccola Classic,IPT(TSM)-D,,,8,,,Single,,,,,,,,,30,Agitating,10,Diluent - Starch:99.90%;Lubricant - Magnesium Stearate:0.10%
1335402000,2025-06-02T11:34:34.402,105,0,535,0,7,0,0,0,0,3,0,0,0,0,0,0,Piccola Classic,IPT(TSM)-D,,,8,,,Single,,,,,,,,,30,Agitating,10,Diluent - Starch:99.90%;Lubricant - Magnesium Stearate:0.10%
1335404000,2025-06-02T11:34:34.404,108,0,560,0,7,0,0,0,0,3,0,0,0,0,0,0,Piccola Classic,IPT(TSM)-D,,,8,,,Single,,,,,,,,,30,Agitating,10,Diluent - Starch:99.90%;Lubricant - Magnesium Stearate:0.10%
1335406000,2025-06-02T11:34:34.406,87,0,510,0,7,0,0,0,0,3,0,0,0,0,0,0,Piccola Classic,IPT(TSM)-D,,,8,,,Single,,,,,,,,,30,Agitating,10,Diluent - Starch:99.90%;Lubricant - Magnesium Stearate:0.10%
1335408000,2025-06-02T11:34:34.408,91,0,555,0,7,0,0,0,0,3,0,0,0,0,0,0,Piccola Classic,IPT(TSM)-D,,,8,,,Single,,,,,,,,,30,Agitating,10,Diluent - Starch:99.90%;Lubricant - Magnesium Stearate:0.10%
1335410000,2025-06-02T11:34:34.410,85,0,576,0,7,0,0,0,0,3,0,0,0,0,0,0,Piccola Classic,IPT(TSM)-D,,,8,,,Single,,,,,,,,,30,Agitating,10,Diluent - Starch:99.90%;Lubricant - Magnesium Stearate:0.10%
1335412000,2025-06-02T11:34:34.412,112,0,509,0,7,0,0,0,0,3,0,0,0,0,0,0,Piccola Classic,IPT(TSM)-D,,,8,,,Single,,,,,,,,,30,Agitating,10,Diluent - Starch:99.90%;Lubricant - Magnesium Stearate:0.10%
1335414000,2025-06-02T11:34:34.414,86,0,552,0,7,0,0,0,0,3,0,0,0,0,0,0,Piccola Classic,IPT(TSM)-D,,,8,,,Single,,,,,,,,,30,Agitating,10,Diluent - Starch:99.90%;Lubricant - Magnesium Stearate:0.10%
1335416000,2025-06-02T11:34:34.416,102,0,507,0,7,0,0,0,0,3,0,0,0,0,0,0,Piccola Classic,IPT(TSM)-D,,,8,,,Single,,,,,,,,,30,Agitating,10,Diluent - Starch:99.90%;Lubricant - Magnesium Stearate:0.10%
1335418000,2025-06-02T11:34:34.418,105,0,530,0,7,0,0,0,0,3,0,0,0,0,0,0,Piccola Classic,IPT(TSM)-D,,,8,,,Single,,,,,,,,,30,Agitating,10,Diluent - Starch:99.90%;Lubricant - Magnesium Stearate:0.10%
1335420000,2025-06-02T11:34:34.420,96,0,510,0,7,0,0,0,0,3,0,0,0,0,0,0,Piccola Classic,IPT(TSM)-D,,,8,,,Single,,,,,,,,,30,Agitating,10,Diluent - Starch:99.90%;Lubricant - Magnesium Stearate:0.10%
1335422000,2025-06-02T11:34:34.422,118,0,576,0,7,0,0,0,0,3,0,0,0,0,0,0,Piccola Classic,IPT(TSM)-D,,,8,,,Single,,,,,,,,,30,Agitating,10,Diluent - Starch:99.90%;Lubricant - Magnesium Stearate:0.10%
1335424000,2025-06-02T11:34:34.424,94,0,568,0,7,0,0,0,0,3,0,0,0,0,0,0,Piccola Classic,IPT(TSM)-D,,,8,,,Single,,,,,,,,,30,Agitating,10,Diluent - Starch:99.90%;Lubricant - Magnesium Stearate:0.10%
1335426000,2025-06-02T11:34:34.426,111,0,519,0,7,0,0,0,0,3,0,0,0,0,0,0,Piccola Classic,IPT(TSM)-D,,,8,,,Single,,,,,,,,,30,Agitating,10,Diluent - Starch:99.90%;Lubricant - Magnesium Stearate:0.10%
1335428000,2025-06-02T11:34:34.428,93,0,524,0,7,0,0,0,0,3,0,0,0,0,0,0,Piccola Classic,IPT(TSM)-D,,,8,,,Single,,,,,,,,,30,Agitating,10,Diluent - Starch:99.90%;Lubricant - Magnesium Stearate:0.10%
1335430000,2025-06-02T11:34:34.430,93,0,512,0,7,0,0,0,0,3,0,0,0,0,0,0,Piccola Classic,IPT(TSM)-D,,,8,,,Single,,,,,,,,,30,Agitating,10,Diluent - Starch:99.90%;Lubricant - Magnesium Stearate:0.10%
1335432000,2025-06-02T11:34:34.432,128,0,535,0,7,0,0,0,0,3,0,0,0,0,0,0,Piccola Classic,IPT(TSM)-D,,,8,,,Single,,,,,,,,,30,Agitating,10,Diluent - Starch:99.90%;Lubricant - Magnesium Stearate:0.10%
1335434000,2025-06-02T11:34:34.434,102,0,550,0,7,0,0,0,0,3,0,0,0,0,0,0,Piccola Classic,IPT(TSM)-D,,,8,,,Single,,,,,,,,,30,Agitating,10,Diluent - Starch:99.90%;Lubricant - Magnesium Stearate:0.10%
1335436000,2025-06-02T11:34:34.436,94,0,520,0,7,0,0,0,0,3,0,0,0,0,0,0,Piccola Classic,IPT(TSM)-D,,,8,,,Single,,,,,,,,,30,Agitating,10,Diluent - Starch:99.90%;Lubricant - Magnesium Stearate:0.10%
1335438000,2025-06-02T11:34:34.438,89,0,594,0,7,0,0,0,0,3,0,0,0,0,0,0,Piccola Classic,IPT(TSM)-D,,,8,,,Single,,,,,,,,,30,Agitating,10,Diluent - Starch:99.90%;Lubricant - Magnesium Stearate:0.10%
1335440000,2025-06-02T11:34:34.440,0,22,513,0,0,7,0,0,0,3,0,0,0,0,0,0,Piccola Classic,IPT(TSM)-D,,,8,,,Single,,,,,,,,,30,Agitating,10,Diluent - Starch:99.90%;Lubricant - Magnesium Stearate:0.10%
1335442000,2025-06-02T11:34:34.442,0,32,559,0,0,7,0,0,0,3,0,0,0,0,0,0,Piccola Classic,IPT(TSM)-D,,,8,,,Single,,,,,,,,,30,Agitating,10,Diluent - Starch:99.90%;Lubricant - Magnesium Stearate:0.10%
1335444000,2025-06-02T11:34:34.444,0,48,518,0,0,7,0,0,0,3,0,0,0,0,0,0,Piccola Classic,IPT(TSM)-D,,,8,,,Single,,,,,,,,,30,Agitating,10,Diluent - Starch:99.90%;Lubricant - Magnesium Stearate:0.10%
1335446000,2025-06-02T11:34:34.446,0,39,556,0,0,7,0,0,0,3,0,0,0,0,0,0,Piccola Classic,IPT(TSM)-D,,,8,,,Single,,,,,,,,,30,Agitating,10,Diluent - Starch:99.90%;Lubricant - Magnesium Stearate:0.10%
1335448000,2025-06-02T11:34:34.448,0,41,535,0,0,7,0,0,0,3,0,0,0,0,0,0,Piccola Classic,IPT(TSM)-D,,,8,,,Single,,,,,,,,,30,Agitating,10,Diluent - Starch:99.90%;Lubricant - Magnesium Stearate:0.10%
1335450000,2025-06-02T11:34:34.450,0,34,571,0,0,7,0,0,0,3,0,0,0,0,0,0,Piccola Classic,IPT(TSM)-D,,,8,,,Single,,,,,,,,,30,Agitating,10,Diluent - Starch:99.90%;Lubricant - Magnesium Stearate:0.10%
1335452000,2025-06-02T11:34:34.452,0,36,516,0,0,7,0,0,0,3,0,0,0,0,0,0,Piccola Classic,IPT(TSM)-D,,,8,,,Single,,,,,,,,,30,Agitating,10,Diluent - Starch:99.90%;Lubricant - Magnesium Stearate:0.10%
1335454000,2025-06-02T11:34:34.454,0,33,521,0,0,7,0,0,0,3,0,0,0,0,0,0,Piccola Classic,IPT(TSM)-D,,,8,,,Single,,,,,,,,,30,Agitating,10,Diluent - Starch:99.90%;Lubricant - Magnesium Stearate:0.10%
1335456000,2025-06-02T11:34:34.456,0,31,534,0,0,7,0,0,0,3,0,0,0,0,0,0,Piccola Classic,IPT(TSM)-D,,,8,,,Single,,,,,,,,,30,Agitating,10,Diluent - Starch:99.90%;Lubricant - Magnesium Stearate:0.10%
1335458000,2025-06-02T11:34:34.458,0,28,564,0,0,7,0,0,0,3,0,0,0,0,0,0,Piccola Classic,IPT(TSM)-D,,,8,,,Single,,,,,,,,,30,Agitating,10,Diluent - Starch:99.90%;Lubricant - Magnesium Stearate:0.10%
1335460000,2025-06-02T11:34:34.460,0,23,559,0,0,7,0,0,0,3,0,0,0,0,0,0,Piccola Classic,IPT(TSM)-D,,,8,,,Single,,,,,,,,,30,Agitating,10,Diluent - Starch:99.90%;Lubricant - Magnesium Stearate:0.10%
1335462000,2025-06-02T11:34:34.462,0,49,584,0,0,7,0,0,0,3,0,0,0,0,0,0,Piccola Classic,IPT(TSM)-D,,,8,,,Single,,,,,,,,,30,Agitating,10,Diluent - Starch:99.90%;Lubricant - Magnesium Stearate:0.10%
1335464000,2025-06-02T11:34:34.464,0,33,550,0,0,7,0,0,0,3,0,0,0,0,0,0,Piccola Classic,IPT(TSM)-D,,,8,,,Single,,,,,,,,,30,Agitating,10,Diluent - Starch:99.90%;Lubricant - Magnesium Stearate:0.10%
1335466000,2025-06-02T11:34:34.466,0,27,565,0,0,7,0,0,0,3,0,0,0,0,0,0,Piccola Classic,IPT(TSM)-D,,,8,,,Single,,,,,,,,,30,Agitating,10,Diluent - Starch:99.90%;Lubricant - Magnesium Stearate:0.10%
1335468000,2025-06-02T11:34:34.468,0,38,559,0,0,7,0,0,0,3,0,0,0,0,0,0,Piccola Classic,IPT(TSM)-D,,,8,,,Single,,,,,,,,,30,Agitating,10,Diluent - Starch:99.90%;Lubricant - Magnesium Stearate:0.10%
1335470000,2025-06-02T11:34:34.470,0,39,594,0,0,7,0,0,0,3,0,0,0,0,0,0,Piccola Classic,IPT(TSM)-D,,,8,,,Single,,,,,,,,,30,Agitating,10,Diluent - Starch:99.90%;Lubricant - Magnesium Stearate:0.10%
1335472000,2025-06-02T11:34:34.472,0,56,548,0,0,7,0,0,0,3,0,0,0,0,0,0,Piccola Classic,IPT(TSM)-D,,,8,,,Single,,,,,,,,,30,Agitating,10,Diluent - Starch:99.90%;Lubricant - Magnesium Stearate:0.10%
1335474000,2025-06-02T11:34:34.474,0,35,559,0,0,7,0,0,0,3,0,0,0,0,0,0,Piccola Classic,IPT(TSM)-D,,,8,,,Single,,,,,,,,,30,Agitating,10,Diluent - Starch:99.90%;Lubricant - Magnesium Stearate:0.10%
1335476000,2025-06-02T11:34:34.476,0,41,551,0,0,7,0,0,0,3,0,0,0,0,0,0,Piccola Classic,IPT(TSM)-D,,,8,,,Single,,,,,,,,,30,Agitating,10,Diluent - Starch:99.90%;Lubricant - Magnesium Stearate:0.10%
1335478000,2025-06-02T11:34:34.478,0,44,521,0,0,7,0,0,0,3,0,0,0,0,0,0,Piccola Classic,IPT(TSM)-D,,,8,,,Single,,,,,,,,,30,Agitating,10,Diluent - Starch:99.90%;Lubricant - Magnesium Stearate:0.10%
1335480000,2025-06-02T11:34:34.480,0,50,556,0,0,7,0,0,0,3,0,0,0,0,0,0,Piccola Classic,IPT(TSM)-D,,,8,,,Single,,,,,,,,,30,Agitating,10,Diluent - Starch:99.90%;Lubricant - Magnesium Stearate:0.10%
1335482000,2025-06-02T11:34:34.482,0,36,544,0,0,7,0,0,0,3,0,0,0,0,0,0,Piccola Classic,IPT(TSM)-D,,,8,,,Single,,,,,,,,,30,Agitating,10,Diluent - Starch:99.90%;Lubricant - Magnesium Stearate:0.10%
1335484000,2025-06-02T11:34:34.484,0,36,542,0,0,7,0,0,0,3,0,0,0,0,0,0,Piccola Classic,IPT(TSM)-D,,,8,,,Single,,,,,,,,,30,Agitating,10,Diluent - Starch:99.90%;Lubricant - Magnesium Stearate:0.10%
1335486000,2025-06-02T11:34:34.486,0,41,576,0,0,7,0,0,0,3,0,0,0,0,0,0,Piccola Classic,IPT(TSM)-D,,,8,,,Single,,,,,,,,,30,Agitating,10,Diluent - Starch:99.90%;Lubricant - Magnesium Stearate:0.10%
1335488000,2025-06-02T11:34:34.488,0,56,515,0,0,7,0,0,0,3,0,0,0,0,0,0,Piccola Classic,IPT(TSM)-D,,,8,,,Single,,,,,,,,,30,Agitating,10,Diluent - Starch:99.90%;Lubricant - Magnesium Stearate:0.10%
1335490000,2025-06-02T11:34:34.490,0,47,580,0,0,7,0,0,0,3,0,0,0,0,0,0,Piccola Classic,IPT(TSM)-D,,,8,,,Single,,,,,,,,,30,Agitating,10,Diluent - Starch:99.90%;Lubricant - Magnesium Stearate:0.10%
1335492000,2025-06-02T11:34:34.492,0,38,509,0,0,7,0,0,0,3,0,0,0,0,0,0,Piccola Classic,IPT(TSM)-D,,,8,,,Single,,,,,,,,,30,Agitating,10,Diluent - Starch:99.90%;Lubricant - Magnesium Stearate:0.10%
1335494000,2025-06-02T11:34:34.494,0,37,531,0,0,7,0,0,0,3,0,0,0,0,0,0,Piccola Classic,IPT(TSM)-D,,,8,,,Single,,,,,,,,,30,Agitating,10,Diluent - Starch:99.90%;Lubricant - Magnesium Stearate:0.10%
1335496000,2025-06-02T11:34:34.496,0,32,512,0,0,7,0,0,0,3,0,0,0,0,0,0,Piccola Classic,IPT(TSM)-D,,,8,,,Single,,,,,,,,,30,Agitating,10,Diluent - Starch:99.90%;Lubricant - Magnesium Stearate:0.10%
1335498000,2025-06-02T11:34:34.498,0,20,516,0,0,7,0,0,0,3,0,0,0,0,0,0,Piccola Classic,IPT(TSM)-D,,,8,,,Single,,,,,,,,,30,Agitating,10,Diluent - Starch:99.90%;Lubricant - Magnesium Stearate:0.10%
1335500000,2025-06-02T11:34:34.500,0,47,531,0,0,7,0,0,0,3,0,0,0,0,0,0,Piccola Classic,IPT(TSM)-D,,,8,,,Single,,,,,,,,,30,Agitating,10,Diluent - Starch:99.90%;Lubricant - Magnesium Stearate:0.10%
1335502000,2025-06-02T11:34:34.502,0,46,536,0,0,7,0,0,0,3,0,0,0,0,0,0,Piccola Classic,IPT(TSM)-D,,,8,,,Single,,,,,,,,,30,Agitating,10,Diluent - Starch:99.90%;Lubricant - Magnesium Stearate:0.10%
1335504000,2025-06-02T11:34:34.504,0,31,597,0,0,7,0,0,0,3,0,0,0,0,0,0,Piccola Classic,IPT(TSM)-D,,,8,,,Single,,,,,,,,,30,Agitating,10,Diluent - Starch:99.90%;Lubricant - Magnesium Stearate:0.10%
1335506000,2025-06-02T11:34:34.506,0,29,518,0,0,7,0,0,0,3,0,0,0,0,0,0,Piccola Classic,IPT(TSM)-D,,,8,,,Single,,,,,,,,,30,Agitating,10,Diluent - Starch:99.90%;Lubricant - Magnesium Stearate:0.10%
1335508000,2025-06-02T11:34:34.508,0,28,519,0,0,7,0,0,0,3,0,0,0,0,0,0,Piccola Classic,IPT(TSM)-D,,,8,,,Single,,,,,,,,,30,Agitating,10,Diluent - Starch:99.90%;Lubricant - Magnesium Stearate:0.10%
1335510000,2025-06-02T11:34:34.510,0,20,594,0,0,7,0,0,0,3,0,0,0,0,0,0,Piccola Classic,IPT(TSM)-D,,,8,,,Single,,,,,,,,,30,Agitating,10,Diluent - Starch:99.90%;Lubricant - Magnesium Stearate:0.10%
1335512000,2025-06-02T11:34:34.512,0,44,518,0,0,7,0,0,0,3,0,0,0,0,0,0,Piccola Classic,IPT(TSM)-D,,,8,,,Single,,,,,,,,,30,Agitating,10,Diluent - Starch:99.90%;Lubricant - Magnesium Stearate:0.10%
1335514000,2025-06-02T11:34:34.514,0,52,550,0,0,7,0,0,0,3,0,0,0,0,0,0,Piccola Classic,IPT(TSM)-D,,,8,,,Single,,,,,,,,,30,Agitating,10,Diluent - Starch:99.90%;Lubricant - Magnesium Stearate:0.10%
1335516000,2025-06-02T11:34:34.516,0,40,581,0,0,7,0,0,0,3,0,0,0,0,0,0,Piccola Classic,IPT(TSM)-D,,,8,,,Single,,,,,,,,,30,Agitating,10,Diluent - Starch:99.90%;Lubricant - Magnesium Stearate:0.10%
1335518000,2025-06-02T11:34:34.518,0,43,518,0,0,7,0,0,0,3,0,0,0,0,0,0,Piccola Classic,IPT(TSM)-D,,,8,,,Single,,,,,,,,,30,Agitating,10,Diluent - Starch:99.90%;Lubricant - Magnesium Stearate:0.10%
1335520000,2025-06-02T11:34:34.520,0,0,666,0,0,0,7,0,0,3,0,0,0,0,0,0,Piccola Classic,IPT(TSM)-D,,,8,,,Single,,,,,,,,,30,Agitating,10,Diluent - Starch:99.90%;Lubricant - Magnesium Stearate:0.10%
1335522000,2025-06-02T11:34:34.522,0,0,813,0,0,0,7,0,0,3,0,0,0,0,0,0,Piccola Classic,IPT(TSM)-D,,,8,,,Single,,,,,,,,,30,Agitating,10,Diluent - Starch:99.90%;Lubricant - Magnesium Stearate:0.10%
1335524000,2025-06-02T11:34:34.524,0,0,896,0,0,0,7,0,0,3,0,0,0,0,0,0,Piccola Classic,IPT(TSM)-D,,,8,,,Single,,,,,,,,,30,Agitating,10,Diluent - Starch:99.90%;Lubricant - Magnesium Stearate:0.10%
1335526000,2025-06-02T11:34:34.526,0,0,720,0,0,0,7,0,0,3,0,0,0,0,0,0,Piccola Classic,IPT(TSM)-D,,,8,,,Single,,,,,,,,,30,Agitating,10,Diluent - Starch:99.90%;Lubricant - Magnesium Stearate:0.10%
1335528000,2025-06-02T11:34:34.528,0,0,775,0,0,0,7,0,0,3,0,0,0,0,0,0,Piccola Classic,IPT(TSM)-D,,,8,,,Single,,,,,,,,,30,Agitating,10,Diluent - Starch:99.90%;Lubricant - Magnesium Stearate:0.10%
1335530000,2025-06-02T11:34:34.530,0,0,791,0,0,0,7,0,0,3,0,0,0,0,0,0,Piccola Classic,IPT(TSM)-D,,,8,,,Single,,,,,,,,,30,Agitating,10,Diluent - Starch:99.90%;Lubricant - Magnesium Stearate:0.10%
1335532000,2025-06-02T11:34:34.532,0,0,658,0,0,0,7,0,0,3,0,0,0,0,0,0,Piccola Classic,IPT(TSM)-D,,,8,,,Single,,,,,,,,,30,Agitating,10,Diluent - Starch:99.90%;Lubricant - Magnesium Stearate:0.10%
1335534000,2025-06-02T11:34:34.534,0,0,744,0,0,0,7,0,0,3,0,0,0,0,0,0,Piccola Classic,IPT(TSM)-D,,,8,,,Single,,,,,,,,,30,Agitating,10,Diluent - Starch:99.90%;Lubricant - Magnesium Stearate:0.10%
1335536000,2025-06-02T11:34:34.536,0,0,873,0,0,0,7,0,0,3,0,0,0,0,0,0,Piccola Classic,IPT(TSM)-D,,,8,,,Single,,,,,,,,,30,Agitating,10,Diluent - Starch:99.90%;Lubricant - Magnesium Stearate:0.10%
1335538000,2025-06-02T11:34:34.538,0,0,817,0,0,0,7,0,0,3,0,0,0,0,0,0,Piccola Classic,IPT(TSM)-D,,,8,,,Single,,,,,,,,,30,Agitating,10,Diluent - Starch:99.90%;Lubricant - Magnesium Stearate:0.10%
1335540000,2025-06-02T11:34:34.540,0,0,621,0,0,0,7,0,0,3,0,0,0,0,0,0,Piccola Classic,IPT(TSM)-D,,,8,,,Single,,,,,,,,,30,Agitating,10,Diluent - Starch:99.90%;Lubricant - Magnesium Stearate:0.10%
1335542000,2025-06-02T11:34:34.542,0,0,908,0,0,0,7,0,0,3,0,0,0,0,0,0,Piccola Classic,IPT(TSM)-D,,,8,,,Single,,,,,,,,,30,Agitating,10,Diluent - Starch:99.90%;Lubricant - Magnesium Stearate:0.10%
1335544000,2025-06-02T11:34:34.544,0,0,659,0,0,0,7,0,0,3,0,0,0,0,0,0,Piccola Classic,IPT(TSM)-D,,,8,,,Single,,,,,,,,,30,Agitating,10,Diluent - Starch:99.90%;Lubricant - Magnesium Stearate:0.10%
1335546000,2025-06-02T11:34:34.546,0,0,764,0,0,0,7,0,0,3,0,0,0,0,0,0,Piccola Classic,IPT(TSM)-D,,,8,,,Single,,,,,,,,,30,Agitating,10,Diluent - Starch:99.90%;Lubricant - Magnesium Stearate:0.10%
1335548000,2025-06-02T11:34:34.548,0,0,701,0,0,0,7,0,0,3,0,0,0,0,0,0,Piccola Classic,IPT(TSM)-D,,,8,,,Single,,,,,,,,,30,Agitating,10,Diluent - Starch:99.90%;Lubricant - Magnesium Stearate:0.10%
1335550000,2025-06-02T11:34:34.550,0,0,683,0,0,0,7,0,0,3,0,0,0,0,0,0,Piccola Classic,IPT(TSM)-D,,,8,,,Single,,,,,,,,,30,Agitating,10,Diluent - Starch:99.90%;Lubricant - Magnesium Stearate:0.10%
1335552000,2025-06-02T11:34:34.552,0,0,871,0,0,0,7,0,0,3,0,0,0,0,0,0,Piccola Classic,IPT(TSM)-D,,,8,,,Single,,,,,,,,,30,Agitating,10,Diluent - Starch:99.90%;Lubricant - Magnesium Stearate:0.10%
1335554000,2025-06-02T11:34:34.554,0,0,622,0,0,0,7,0,0,3,0,0,0,0,0,0,Piccola Classic,IPT(TSM)-D,,,8,,,Single,,,,,,,,,30,Agitating,10,Diluent - Starch:99.90%;Lubricant - Magnesium Stearate:0.10%
1335556000,2025-06-02T11:34:34.556,0,0,773,0,0,0,7,0,0,3,0,0,0,0,0,0,Piccola Classic,IPT(TSM)-D,,,8,,,Single,,,,,,,,,30,Agitating,10,Diluent - Starch:99.90%;Lubricant - Magnesium Stearate:0.10%
1335558000,2025-06-02T11:34:34.558,0,0,720,0,0,0,7,0,0,3,0,0,0,0,0,0,Piccola Classic,IPT(TSM)-D,,,8,,,Single,,,,,,,,,30,Agitating,10,Diluent - Starch:99.90%;Lubricant - Magnesium Stearate:0.10%
1335560000,2025-06-02T11:34:34.560,0,0,652,0,0,0,7,0,0,3,0,0,0,0,0,0,Piccola Classic,IPT(TSM)-D,,,8,,,Single,,,,,,,,,30,Agitating,10,Diluent - Starch:99.90%;Lubricant - Magnesium Stearate:0.10%
1335562000,2025-06-02T11:34:34.562,0,0,786,0,0,0,7,0,0,3,0,0,0,0,0,0,Piccola Classic,IPT(TSM)-D,,,8,,,Single,,,,,,,,,30,Agitating,10,Diluent - Starch:99.90%;Lubricant - Magnesium Stearate:0.10%
1335564000,2025-06-02T11:34:34.564,0,0,668,0,0,0,7,0,0,3,0,0,0,0,0,0,Piccola Classic,IPT(TSM)-D,,,8,,,Single,,,,,,,,,30,Agitating,10,Diluent - Starch:99.90%;Lubricant - Magnesium Stearate:0.10%
1335566000,2025-06-02T11:34:34.566,0,0,908,0,0,0,7,0,0,3,0,0,0,0,0,0,Piccola Classic,IPT(TSM)-D,,,8,,,Single,,,,,,,,,30,Agitating,10,Diluent - Starch:99.90%;Lubricant - Magnesium Stearate:0.10%
1335568000,2025-06-02T11:34:34.568,0,0,600,0,0,0,7,0,0,3,0,0,0,0,0,0,Piccola Classic,IPT(TSM)-D,,,8,,,Single,,,,,,,,,30,Agitating,10,Diluent - Starch:99.90%;Lubricant - Magnesium Stearate:0.10%
1335570000,2025-06-02T11:34:34.570,0,0,862,0,0,0,7,0,0,3,0,0,0,0,0,0,Piccola Classic,IPT(TSM)-D,,,8,,,Single,,,,,,,,,30,Agitating,10,Diluent - Starch:99.90%;Lubricant - Magnesium Stearate:0.10%
1335572000,2025-06-02T11:34:34.572,0,0,651,0,0,0,7,0,0,3,0,0,0,0,0,0,Piccola Classic,IPT(TSM)-D,,,8,,,Single,,,,,,,,,30,Agitating,10,Diluent - Starch:99.90%;Lubricant - Magnesium Stearate:0.10%
1335574000,2025-06-02T11:34:34.574,0,0,696,0,0,0,7,0,0,3,0,0,0,0,0,0,Piccola Classic,IPT(TSM)-D,,,8,,,Single,,,,,,,,,30,Agitating,10,Diluent - Starch:99.90%;Lubricant - Magnesium Stearate:0.10%
1335576000,2025-06-02T11:34:34.576,0,0,754,0,0,0,7,0,0,3,0,0,0,0,0,0,Piccola Classic,IPT(TSM)-D,,,8,,,Single,,,,,,,,,30,Agitating,10,Diluent - Starch:99.90%;Lubricant - Magnesium Stearate:0.10%
1335578000,2025-06-02T11:34:34.578,0,0,707,0,0,0,7,0,0,3,0,0,0,0,0,0,Piccola Classic,IPT(TSM)-D,,,8,,,Single,,,,,,,,,30,Agitating,10,Diluent - Starch:99.90%;Lubricant - Magnesium Stearate:0.10%
1335580000,2025-06-02T11:34:34.580,0,0,815,0,0,0,7,0,0,3,0,0,0,0,0,0,Piccola Classic,IPT(TSM)-D,,,8,,,Single,,,,,,,,,30,Agitating,10,Diluent - Starch:99.90%;Lubricant - Magnesium Stearate:0.10%
1335582000,2025-06-02T11:34:34.582,0,0,699,0,0,0,7,0,0,3,0,0,0,0,0,0,Piccola Classic,IPT(TSM)-D,,,8,,,Single,,,,,,,,,30,Agitating,10,Diluent - Starch:99.90%;Lubricant - Magnesium Stearate:0.10%
1335584000,2025-06-02T11:34:34.584,0,0,654,0,0,0,7,0,0,3,0,0,0,0,0,0,Piccola Classic,IPT(TSM)-D,,,8,,,Single,,,,,,,,,30,Agitating,10,Diluent - Starch:99.90%;Lubricant - Magnesium Stearate:0.10%
1335586000,2025-06-02T11:34:34.586,0,0,682,0,0,0,7,0,0,3,0,0,0,0,0,0,Piccola Classic,IPT(TSM)-D,,,8,,,Single,,,,,,,,,30,Agitating,10,Diluent - Starch:99.90%;Lubricant - Magnesium Stearate:0.10%
1335588000,2025-06-02T11:34:34.588,0,0,657,0,0,0,7,0,0,3,0,0,0,0,0,0,Piccola Classic,IPT(TSM)-D,,,8,,,Single,,,,,,,,,30,Agitating,10,Diluent - Starch:99.90%;Lubricant - Magnesium Stearate:0.10%
1335590000,2025-06-02T11:34:34.590,0,0,773,0,0,0,7,0,0,3,0,0,0,0,0,0,Piccola Classic,IPT(TSM)-D,,,8,,,Single,,,,,,,,,30,Agitating,10,Diluent - Starch:99.90%;Lubricant - Magnesium Stearate:0.10%
1335592000,2025-06-02T11:34:34.592,0,0,681,0,0,0,7,0,0,3,0,0,0,0,0,0,Piccola Classic,IPT(TSM)-D,,,8,,,Single,,,,,,,,,30,Agitating,10,Diluent - Starch:99.90%;Lubricant - Magnesium Stearate:0.10%
1335594000,2025-06-02T11:34:34.594,0,0,892,0,0,0,7,0,0,3,0,0,0,0,0,0,Piccola Classic,IPT(TSM)-D,,,8,,,Single,,,,,,,,,30,Agitating,10,Diluent - Starch:99.90%;Lubricant - Magnesium Stearate:0.10%
1335596000,2025-06-02T11:34:34.596,0,0,829,0,0,0,7,0,0,3,0,0,0,0,0,0,Piccola Classic,IPT(TSM)-D,,,8,,,Single,,,,,,,,,30,Agitating,10,Diluent - Starch:99.90%;Lubricant - Magnesium Stearate:0.10%
1335598000,2025-06-02T11:34:34.598,0,0,814,0,0,0,7,0,0,3,0,0,0,0,0,0,Piccola Classic,IPT(TSM)-D,,,8,,,Single,,,,,,,,,30,Agitating,10,Diluent - Starch:99.90%;Lubricant - Magnesium Stearate:0.10%
1335600000,2025-06-02T11:34:34.600,0,0,586,237,0,0,0,1,0,3,0,0,0,0,0,0,Piccola Classic,IPT(TSM)-D,,,8,,,Single,,,,,,,,,30,Agitating,10,Diluent - Starch:99.90%;Lubricant - Magnesium Stearate:0.10%
1335602000,2025-06-02T11:34:34.602,0,0,525,233,0,0,0,1,0,3,0,0,0,0,0,0,Piccola Classic,IPT(TSM)-D,,,8,,,Single,,,,,,,,,30,Agitating,10,Diluent - Starch:99.90%;Lubricant - Magnesium Stearate:0.10%
1335604000,2025-06-02T11:34:34.604,0,0,550,241,0,0,0,1,0,3,0,0,0,0,0,0,Piccola Classic,IPT(TSM)-D,,,8,,,Single,,,,,,,,,30,Agitating,10,Diluent - Starch:99.90%;Lubricant - Magnesium Stearate:0.10%
1335606000,2025-06-02T11:34:34.606,0,0,546,204,0,0,0,1,0,3,0,0,0,0,0,0,Piccola Classic,IPT(TSM)-D,,,8,,,Single,,,,,,,,,30,Agitating,10,Diluent - Starch:99.90%;Lubricant - Magnesium Stearate:0.10%
1335608000,2025-06-02T11:34:34.608,0,0,540,218,0,0,0,1,0,3,0,0,0,0,0,0,Piccola Classic,IPT(TSM)-D,,,8,,,Single,,,,,,,,,30,Agitating,10,Diluent - Starch:99.90%;Lubricant - Magnesium Stearate:0.10%
1335610000,2025-06-02T11:34:34.610,0,0,532,209,0,0,0,1,0,3,0,0,0,0,0,0,Piccola Classic,IPT(TSM)-D,,,8,,,Single,,,,,,,,,30,Agitating,10,Diluent - Starch:99.90%;Lubricant - Magnesium Stearate:0.10%
1335612000,2025-06-02T11:34:34.612,0,0,540,218,0,0,0,1,0,3,0,0,0,0,0,0,Piccola Classic,IPT(TSM)-D,,,8,,,Single,,,,,,,,,30,Agitating,10,Diluent - Starch:99.90%;Lubricant - Magnesium Stearate:0.10%
1335614000,2025-06-02T11:34:34.614,0,0,569,220,0,0,0,1,0,3,0,0,0,0,0,0,Piccola Classic,IPT(TSM)-D,,,8,,,Single,,,,,,,,,30,Agitating,10,Diluent - Starch:99.90%;Lubricant - Magnesium Stearate:0.10%
1335616000,2025-06-02T11:34:34.616,0,0,546,205,0,0,0,1,0,3,0,0,0,0,0,0,Piccola Classic,IPT(TSM)-D,,,8,,,Single,,,,,,,,,30,Agitating,10,Diluent - Starch:99.90%;Lubricant - Magnesium Stearate:0.10%
1335618000,2025-06-02T11:34:34.618,0,0,579,235,0,0,0,1,0,3,0,0,0,0,0,0,Piccola Classic,IPT(TSM)-D,,,8,,,Single,,,,,,,,,30,Agitating,10,Diluent - Starch:99.90%;Lubricant - Magnesium Stearate:0.10%
1335620000,2025-06-02T11:34:34.620,0,0,526,243,0,0,0,1,0,3,0,0,0,0,0,0,Piccola Classic,IPT(TSM)-D,,,8,,,Single,,,,,,,,,30,Agitating,10,Diluent - Starch:99.90%;Lubricant - Magnesium Stearate:0.10%
1335622000,2025-06-02T11:34:34.622,0,0,559,231,0,0,0,1,0,3,0,0,0,0,0,0,Piccola Classic,IPT(TSM)-D,,,8,,,Single,,,,,,,,,30,Agitating,10,Diluent - Starch:99.90%;Lubricant - Magnesium Stearate:0.10%
1335624000,2025-06-02T11:34:34.624,0,0,522,221,0,0,0,1,0,3,0,0,0,0,0,0,Piccola Classic,IPT(TSM)-D,,,8,,,Single,,,,,,,,,30,Agitating,10,Diluent - Starch:99.90%;Lubricant - Magnesium Stearate:0.10%
1335626000,2025-06-02T11:34:34.626,0,0,514,229,0,0,0,1,0,3,0,0,0,0,0,0,Piccola Classic,IPT(TSM)-D,,,8,,,Single,,,,,,,,,30,Agitating,10,Diluent - Starch:99.90%;Lubricant - Magnesium Stearate:0.10%
1335628000,2025-06-02T11:34:34.628,0,0,512,226,0,0,0,1,0,3,0,0,0,0,0,0,Piccola Classic,IPT(TSM)-D,,,8,,,Single,,,,,,,,,30,Agitating,10,Diluent - Starch:99.90%;Lubricant - Magnesium Stearate:0.10%
1335630000,2025-06-02T11:34:34.630,0,0,531,235,0,0,0,1,0,3,0,0,0,0,0,0,Piccola Classic,IPT(TSM)-D,,,8,,,Single,,,,,,,,,30,Agitating,10,Diluent - Starch:99.90%;Lubricant - Magnesium Stearate:0.10%
1335632000,2025-06-02T11:34:34.632,0,0,540,235,0,0,0,1,0,3,0,0,0,0,0,0,Piccola Classic,IPT(TSM)-D,,,8,,,Single,,,,,,,,,30,Agitating,10,Diluent - Starch:99.90%;Lubricant - Magnesium Stearate:0.10%
1335634000,2025-06-02T11:34:34.634,0,0,550,209,0,0,0,1,0,3,0,0,0,0,0,0,Piccola Classic,IPT(TSM)-D,,,8,,,Single,,,,,,,,,30,Agitating,10,Diluent - Starch:99.90%;Lubricant - Magnesium Stearate:0.10%
1335636000,2025-06-02T11:34:34.636,0,0,544,238,0,0,0,1,0,3,0,0,0,0,0,0,Piccola Classic,IPT(TSM)-D,,,8,,,Single,,,,,,,,,30,Agitating,10,Diluent - Starch:99.90%;Lubricant - Magnesium Stearate:0.10%
1335638000,2025-06-02T11:34:34.638,0,0,508,205,0,0,0,1,0,3,0,0,0,0,0,0,Piccola Classic,IPT(TSM)-D,,,8,,,Single,,,,,,,,,30,Agitating,10,Diluent - Starch:99.90%;Lubricant - Magnesium Stearate:0.10%
1335640000,2025-06-02T11:34:34.640,0,0,552,245,0,0,0,1,0,3,0,0,0,0,0,0,Piccola Classic,IPT(TSM)-D,,,8,,,Single,,,,,,,,,30,Agitating,10,Diluent - Starch:99.90%;Lubricant - Magnesium Stearate:0.10%
1335642000,2025-06-02T11:34:34.642,0,0,589,246,0,0,0,1,0,3,0,0,0,0,0,0,Piccola Classic,IPT(TSM)-D,,,8,,,Single,,,,,,,,,30,Agitating,10,Diluent - Starch:99.90%;Lubricant - Magnesium Stearate:0.10%
1335644000,2025-06-02T11:34:34.644,0,0,576,224,0,0,0,1,0,3,0,0,0,0,0,0,Piccola Classic,IPT(TSM)-D,,,8,,,Single,,,,,,,,,30,Agitating,10,Diluent - Starch:99.90%;Lubricant - Magnesium Stearate:0.10%
1335646000,2025-06-02T11:34:34.646,0,0,576,237,0,0,0,1,0,3,0,0,0,0,0,0,Piccola Classic,IPT(TSM)-D,,,8,,,Single,,,,,,,,,30,Agitating,10,Diluent - Starch:99.90%;Lubricant - Magnesium Stearate:0.10%
1335648000,2025-06-02T11:34:34.648,0,0,541,222,0,0,0,1,0,3,0,0,0,0,0,0,Piccola Classic,IPT(TSM)-D,,,8,,,Single,,,,,,,,,30,Agitating,10,Diluent - Starch:99.90%;Lubricant - Magnesium Stearate:0.10%
1335650000,2025-06-02T11:34:34.650,0,0,577,249,0,0,0,1,0,3,0,0,0,0,0,0,Piccola Classic,IPT(TSM)-D,,,8,,,Single,,,,,,,,,30,Agitating,10,Diluent - Starch:99.90%;Lubricant - Magnesium Stearate:0.10%
1335652000,2025-06-02T11:34:34.652,0,0,517,200,0,0,0,1,0,3,0,0,0,0,0,0,Piccola Classic,IPT(TSM)-D,,,8,,,Single,,,,,,,,,30,Agitating,10,Diluent - Starch:99.90%;Lubricant - Magnesium Stearate:0.10%
1335654000,2025-06-02T11:34:34.654,0,0,537,220,0,0,0,1,0,3,0,0,0,0,0,0,Piccola Classic,IPT(TSM)-D,,,8,,,Single,,,,,,,,,30,Agitating,10,Diluent - Starch:99.90%;Lubricant - Magnesium Stearate:0.10%
1335656000,2025-06-02T11:34:34.656,0,0,529,208,0,0,0,1,0,3,0,0,0,0,0,0,Piccola Classic,IPT(TSM)-D,,,8,,,Single,,,,,,,,,30,Agitating,10,Diluent - Starch:99.90%;Lubricant - Magnesium Stearate:0.10%
1335658000,2025-06-02T11:34:34.658,0,0,545,224,0,0,0,1,0,3,0,0,0,0,0,0,Piccola Classic,IPT(TSM)-D,,,8,,,Single,,,,,,,,,30,Agitating,10,Diluent - Starch:99.90%;Lubricant - Magnesium Stearate:0.10%
1335660000,2025-06-02T11:34:34.660,92,0,572,0,1,0,0,0,0,3,0,0,0,0,0,0,Piccola Classic,IPT(TSM)-D,,,8,,,Single,,,,,,,,,30,Agitating,10,Diluent - Starch:99.90%;Lubricant - Magnesium Stearate:0.10%
1335662000,2025-06-02T11:34:34.662,106,0,509,0,1,0,0,0,0,3,0,0,0,0,0,0,Piccola Classic,IPT(TSM)-D,,,8,,,Single,,,,,,,,,30,Agitating,10,Diluent - Starch:99.90%;Lubricant - Magnesium Stearate:0.10%
1335664000,2025-06-02T11:34:34.664,106,0,537,0,1,0,0,0,0,3,0,0,0,0,0,0,Piccola Classic,IPT(TSM)-D,,,8,,,Single,,,,,,,,,30,Agitating,10,Diluent - Starch:99.90%;Lubricant - Magnesium Stearate:0.10%
1335666000,2025-06-02T11:34:34.666,106,0,542,0,1,0,0,0,0,3,0,0,0,0,0,0,Piccola Classic,IPT(TSM)-D,,,8,,,Single,,,,,,,,,30,Agitating,10,Diluent - Starch:99.90%;Lubricant - Magnesium Stearate:0.10%
1335668000,2025-06-02T11:34:34.668,99,0,566,0,1,0,0,0,0,3,0,0,0,0,0,0,Piccola Classic,IPT(TSM)-D,,,8,,,Single,,,,,,,,,30,Agitating,10,Diluent - Starch:99.90%;Lubricant - Magnesium Stearate:0.10%
1335670000,2025-06-02T11:34:34.670,99,0,515,0,1,0,0,0,0,3,0,0,0,0,0,0,Piccola Classic,IPT(TSM)-D,,,8,,,Single,,,,,,,,,30,Agitating,10,Diluent - Starch:99.90%;Lubricant - Magnesium Stearate:0.10%
1335672000,2025-06-02T11:34:34.672,102,0,580,0,1,0,0,0,0,3,0,0,0,0,0,0,Piccola Classic,IPT(TSM)-D,,,8,,,Single,,,,,,,,,30,Agitating,10,Diluent - Starch:99.90%;Lubricant - Magnesium Stearate:0.10%
1335674000,2025-06-02T11:34:34.674,82,0,570,0,1,0,0,0,0,3,0,0,0,0,0,0,Piccola Classic,IPT(TSM)-D,,,8,,,Single,,,,,,,,,30,Agitating,10,Diluent - Starch:99.90%;Lubricant - Magnesium Stearate:0.10%
1335676000,2025-06-02T11:34:34.676,122,0,595,0,1,0,0,0,0,3,0,0,0,0,0,0,Piccola Classic,IPT(TSM)-D,,,8,,,Single,,,,,,,,,30,Agitating,10,Diluent - Starch:99.90%;Lubricant - Magnesium Stearate:0.10%
1335678000,2025-06-02T11:34:34.678,96,0,520,0,1,0,0,0,0,3,0,0,0,0,0,0,Piccola Classic,IPT(TSM)-D,,,8,,,Single,,,,,,,,,30,Agitating,10,Diluent - Starch:99.90%;Lubricant - Magnesium Stearate:0.10%
1335680000,2025-06-02T11:34:34.680,95,0,512,0,1,0,0,0,0,3,0,0,0,0,0,0,Piccola Classic,IPT(TSM)-D,,,8,,,Single,,,,,,,,,30,Agitating,10,Diluent - Starch:99.90%;Lubricant - Magnesium Stearate:0.10%
1335682000,2025-06-02T11:34:34.682,110,0,537,0,1,0,0,0,0,3,0,0,0,0,0,0,Piccola Classic,IPT(TSM)-D,,,8,,,Single,,,,,,,,,30,Agitating,10,Diluent - Starch:99.90%;Lubricant - Magnesium Stearate:0.10%
1335684000,2025-06-02T11:34:34.684,97,0,539,0,1,0,0,0,0,3,0,0,0,0,0,0,Piccola Classic,IPT(TSM)-D,,,8,,,Single,,,,,,,,,30,Agitating,10,Diluent - Starch:99.90%;Lubricant - Magnesium Stearate:0.10%
1335686000,2025-06-02T11:34:34.686,94,0,566,0,1,0,0,0,0,3,0,0,0,0,0,0,Piccola Classic,IPT(TSM)-D,,,8,,,Single,,,,,,,,,30,Agitating,10,Diluent - Starch:99.90%;Lubricant - Magnesium Stearate:0.10%
1335688000,2025-06-02T11:34:34.688,111,0,566,0,1,0,0,0,0,3,0,0,0,0,0,0,Piccola Classic,IPT(TSM)-D,,,8,,,Single,,,,,,,,,30,Agitating,10,Diluent - Starch:99.90%;Lubricant - Magnesium Stearate:0.10%
1335690000,2025-06-02T11:34:34.690,103,0,537,0,1,0,0,0,0,3,0,0,0,0,0,0,Piccola Classic,IPT(TSM)-D,,,8,,,Single,,,,,,,,,30,Agitating,10,Diluent - Starch:99.90%;Lubricant - Magnesium Stearate:0.10%
1335692000,2025-06-02T11:34:34.692,84,0,533,0,1,0,0,0,0,3,0,0,0,0,0,0,Piccola Classic,IPT(TSM)-D,,,8,,,Single,,,,,,,,,30,Agitating,10,Diluent - Starch:99.90%;Lubricant - Magnesium Stearate:0.10%
1335694000,2025-06-02T11:34:34.694,100,0,552,0,1,0,0,0,0,3,0,0,0,0,0,0,Piccola Classic,IPT(TSM)-D,,,8,,,Single,,,,,,,,,30,Agitating,10,Diluent - Starch:99.90%;Lubricant - Magnesium Stearate:0.10%
1335696000,2025-06-02T11:34:34.696,94,0,513,0,1,0,0,0,0,3,0,0,0,0,0,0,Piccola Classic,IPT(TSM)-D,,,8,,,Single,,,,,,,,,30,Agitating,10,Diluent - Starch:99.90%;Lubricant - Magnesium Stearate:0.10%
1335698000,2025-06-02T11:34:34.698,116,0,592,0,1,0,0,0,0,3,0,0,0,0,0,0,Piccola Classic,IPT(TSM)-D,,,8,,,Single,,,,,,,,,30,Agitating,10,Diluent - Starch:99.90%;Lubricant - Magnesium Stearate:0.10%
1335700000,2025-06-02T11:34:34.700,104,0,513,0,1,0,0,0,0,3,0,0,0,0,0,0,Piccola Classic,IPT(TSM)-D,,,8,,,Single,,,,,,,,,30,Agitating,10,Diluent - Starch:99.90%;Lubricant - Magnesium Stearate:0.10%
1335702000,2025-06-02T11:34:34.702,106,0,571,0,1,0,0,0,0,3,0,0,0,0,0,0,Piccola Classic,IPT(TSM)-D,,,8,,,Single,,,,,,,,,30,Agitating,10,Diluent - Starch:99.90%;Lubricant - Magnesium Stearate:0.10%
1335704000,2025-06-02T11:34:34.704,106,0,535,0,1,0,0,0,0,3,0,0,0,0,0,0,Piccola Classic,IPT(TSM)-D,,,8,,,Single,,,,,,,,,30,Agitating,10,Diluent - Starch:99.90%;Lubricant - Magnesium Stearate:0.10%
1335706000,2025-06-02T11:34:34.706,93,0,531,0,1,0,0,0,0,3,0,0,0,0,0,0,Piccola Classic,IPT(TSM)-D,,,8,,,Single,,,,,,,,,30,Agitating,10,Diluent - Starch:99.90%;Lubricant - Magnesium Stearate:0.10%
1335708000,2025-06-02T11:34:34.708,95,0,560,0,1,0,0,0,0,3,0,0,0,0,0,0,Piccola Classic,IPT(TSM)-D,,,8,,,Single,,,,,,,,,30,Agitating,10,Diluent - Starch:99.90%;Lubricant - Magnesium Stearate:0.10%
1335710000,2025-06-02T11:34:34.710,102,0,578,0,1,0,0,0,0,3,0,0,0,0,0,0,Piccola Classic,IPT(TSM)-D,,,8,,,Single,,,,,,,,,30,Agitating,10,Diluent - Starch:99.90%;Lubricant - Magnesium Stearate:0.10%
1335712000,2025-06-02T11:34:34.712,113,0,573,0,1,0,0,0,0,3,0,0,0,0,0,0,Piccola Classic,IPT(TSM)-D,,,8,,,Single,,,,,,,,,30,Agitating,10,Diluent - Starch:99.90%;Lubricant - Magnesium Stearate:0.10%
1335714000,2025-06-02T11:34:34.714,102,0,582,0,1,0,0,0,0,3,0,0,0,0,0,0,Piccola Classic,IPT(TSM)-D,,,8,,,Single,,,,,,,,,30,Agitating,10,Diluent - Starch:99.90%;Lubricant - Magnesium Stearate:0.10%
1335716000,2025-06-02T11:34:34.716,92,0,563,0,1,0,0,0,0,3,0,0,0,0,0,0,Piccola Classic,IPT(TSM)-D,,,8,,,Single,,,,,,,,,30,Agitating,10,Diluent - Starch:99.90%;Lubricant - Magnesium Stearate:0.10%
1335718000,2025-06-02T11:34:34.718,107,0,533,0,1,0,0,0,0,3,0,0,0,0,0,0,Piccola Classic,IPT(TSM)-D,,,8,,,Single,,,,,,,,,30,Agitating,10,Diluent - Starch:99.90%;Lubricant - Magnesium Stearate:0.10%
1335720000,2025-06-02T11:34:34.720,91,0,528,0,1,0,0,0,0,3,0,0,0,0,0,0,Piccola Classic,IPT(TSM)-D,,,8,,,Single,,,,,,,,,30,Agitating,10,Diluent - Starch:99.90%;Lubricant - Magnesium Stearate:0.10%
1335722000,2025-06-02T11:34:34.722,102,0,512,0,1,0,0,0,0,3,0,0,0,0,0,0,Piccola Classic,IPT(TSM)-D,,,8,,,Single,,,,,,,,,30,Agitating,10,Diluent - Starch:99.90%;Lubricant - Magnesium Stearate:0.10%
1335724000,2025-06-02T11:34:34.724,94,0,533,0,1,0,0,0,0,3,0,0,0,0,0,0,Piccola Classic,IPT(TSM)-D,,,8,,,Single,,,,,,,,,30,Agitating,10,Diluent - Starch:99.90%;Lubricant - Magnesium Stearate:0.10%
1335726000,2025-06-02T11:34:34.726,105,0,529,0,1,0,0,0,0,3,0,0,0,0,0,0,Piccola Classic,IPT(TSM)-D,,,8,,,Single,,,,,,,,,30,Agitating,10,Diluent - Starch:99.90%;Lubricant - Magnesium Stearate:0.10%
1335728000,2025-06-02T11:34:34.728,108,0,598,0,1,0,0,0,0,3,0,0,0,0,0,0,Piccola Classic,IPT(TSM)-D,,,8,,,Single,,,,,,,,,30,Agitating,10,Diluent - Starch:99.90%;Lubricant - Magnesium Stearate:0.10%
1335730000,2025-06-02T11:34:34.730,116,0,586,0,1,0,0,0,0,3,0,0,0,0,0,0,Piccola Classic,IPT(TSM)-D,,,8,,,Single,,,,,,,,,30,Agitating,10,Diluent - Starch:99.90%;Lubricant - Magnesium Stearate:0.10%
1335732000,2025-06-02T11:34:34.732,115,0,530,0,1,0,0,0,0,3,0,0,0,0,0,0,Piccola Classic,IPT(TSM)-D,,,8,,,Single,,,,,,,,,30,Agitating,10,Diluent - Starch:99.90%;Lubricant - Magnesium Stearate:0.10%
1335734000,2025-06-02T11:34:34.734,116,0,544,0,1,0,0,0,0,3,0,0,0,0,0,0,Piccola Classic,IPT(TSM)-D,,,8,,,Single,,,,,,,,,30,Agitating,10,Diluent - Starch:99.90%;Lubricant - Magnesium Stearate:0.10%
1335736000,2025-06-02T11:34:34.736,94,0,514,0,1,0,0,0,0,3,0,0,0,0,0,0,Piccola Classic,IPT(TSM)-D,,,8,,,Single,,,,,,,,,30,Agitating,10,Diluent - Starch:99.90%;Lubricant - Magnesium Stearate:0.10%
1335738000,2025-06-02T11:34:34.738,110,0,578,0,1,0,0,0,0,3,0,0,0,0,0,0,Piccola Classic,IPT(TSM)-D,,,8,,,Single,,,,,,,,,30,Agitating,10,Diluent - Starch:99.90%;Lubricant - Magnesium Stearate:0.10%
1335740000,2025-06-02T11:34:34.740,0,33,510,0,0,1,0,0,0,3,0,0,0,0,0,0,Piccola Classic,IPT(TSM)-D,,,8,,,Single,,,,,,,,,30,Agitating,10,Diluent - Starch:99.90%;Lubricant - Magnesium Stearate:0.10%
1335742000,2025-06-02T11:34:34.742,0,40,555,0,0,1,0,0,0,3,0,0,0,0,0,0,Piccola Classic,IPT(TSM)-D,,,8,,,Single,,,,,,,,,30,Agitating,10,Diluent - Starch:99.90%;Lubricant - Magnesium Stearate:0.10%
1335744000,2025-06-02T11:34:34.744,0,51,537,0,0,1,0,0,0,3,0,0,0,0,0,0,Piccola Classic,IPT(TSM)-D,,,8,,,Single,,,,,,,,,30,Agitating,10,Diluent - Starch:99.90%;Lubricant - Magnesium Stearate:0.10%
1335746000,2025-06-02T11:34:34.746,0,49,589,0,0,1,0,0,0,3,0,0,0,0,0,0,Piccola Classic,IPT(TSM)-D,,,8,,,Single,,,,,,,,,30,Agitating,10,Diluent - Starch:99.90%;Lubricant - Magnesium Stearate:0.10%
1335748000,2025-06-02T11:34:34.748,0,40,556,0,0,1,0,0,0,3,0,0,0,0,0,0,Piccola Classic,IPT(TSM)-D,,,8,,,Single,,,,,,,,,30,Agitating,10,Diluent - Starch:99.90%;Lubricant - Magnesium Stearate:0.10%
1335750000,2025-06-02T11:34:34.750,0,33,521,0,0,1,0,0,0,3,0,0,0,0,0,0,Piccola Classic,IPT(TSM)-D,,,8,,,Single,,,,,,,,,30,Agitating,10,Diluent - Starch:99.90%;Lubricant - Magnesium Stearate:0.10%
1335752000,2025-06-02T11:34:34.752,0,41,530,0,0,1,0,0,0,3,0,0,0,0,0,0,Piccola Classic,IPT(TSM)-D,,,8,,,Single,,,,,,,,,30,Agitating,10,Diluent - Starch:99.90%;Lubricant - Magnesium Stearate:0.10%
1335754000,2025-06-02T11:34:34.754,0,40,544,0,0,1,0,0,0,3,0,0,0,0,0,0,Piccola Classic,IPT(TSM)-D,,,8,,,Single,,,,,,,,,30,Agitating,10,Diluent - Starch:99.90%;Lubricant - Magnesium Stearate:0.10%
1335756000,2025-06-02T11:34:34.756,0,55,557,0,0,1,0,0,0,3,0,0,0,0,0,0,Piccola Classic,IPT(TSM)-D,,,8,,,Single,,,,,,,,,30,Agitating,10,Diluent - Starch:99.90%;Lubricant - Magnesium Stearate:0.10%
1335758000,2025-06-02T11:34:34.758,0,18,538,0,0,1,0,0,0,3,0,0,0,0,0,0,Piccola Classic,IPT(TSM)-D,,,8,,,Single,,,,,,,,,30,Agitating,10,Diluent - Starch:99.90%;Lubricant - Magnesium Stearate:0.10%
1335760000,2025-06-02T11:34:34.760,0,51,563,0,0,1,0,0,0,3,0,0,0,0,0,0,Piccola Classic,IPT(TSM)-D,,,8,,,Single,,,,,,,,,30,Agitating,10,Diluent - Starch:99.90%;Lubricant - Magnesium Stearate:0.10%
1335762000,2025-06-02T11:34:34.762,0,35,540,0,0,1,0,0,0,3,0,0,0,0,0,0,Piccola Classic,IPT(TSM)-D,,,8,,,Single,,,,,,,,,30,Agitating,10,Diluent - Starch:99.90%;Lubricant - Magnesium Stearate:0.10%
1335764000,2025-06-02T11:34:34.764,0,40,588,0,0,1,0,0,0,3,0,0,0,0,0,0,Piccola Classic,IPT(TSM)-D,,,8,,,Single,,,,,,,,,30,Agitating,10,Diluent - Starch:99.90%;Lubricant - Magnesium Stearate:0.10%
1335766000,2025-06-02T11:34:34.766,0,37,508,0,0,1,0,0,0,3,0,0,0,0,0,0,Piccola Classic,IPT(TSM)-D,,,8,,,Single,,,,,,,,,30,Agitating,10,Diluent - Starch:99.90%;Lubricant - Magnesium Stearate:0.10%
1335768000,2025-06-02T11:34:34.768,0,42,511,0,0,1,0,0,0,3,0,0,0,0,0,0,Piccola Classic,IPT(TSM)-D,,,8,,,Single,,,,,,,,,30,Agitating,10,Diluent - Starch:99.90%;Lubricant - Magnesium Stearate:0.10%
1335770000,2025-06-02T11:34:34.770,0,35,593,0,0,1,0,0,0,3,0,0,0,0,0,0,Piccola Classic,IPT(TSM)-D,,,8,,,Single,,,,,,,,,30,Agitating,10,Diluent - Starch:99.90%;Lubricant - Magnesium Stearate:0.10%
1335772000,2025-06-02T11:34:34.772,0,34,549,0,0,1,0,0,0,3,0,0,0,0,0,0,Piccola Classic,IPT(TSM)-D,,,8,,,Single,,,,,,,,,30,Agitating,10,Diluent - Starch:99.90%;Lubricant - Magnesium Stearate:0.10%
1335774000,2025-06-02T11:34:34.774,0,48,559,0,0,1,0,0,0,3,0,0,0,0,0,0,Piccola Classic,IPT(TSM)-D,,,8,,,Single,,,,,,,,,30,Agitating,10,Diluent - Starch:99.90%;Lubricant - Magnesium Stearate:0.10%
1335776000,2025-06-02T11:34:34.776,0,44,537,0,0,1,0,0,0,3,0,0,0,0,0,0,Piccola Classic,IPT(TSM)-D,,,8,,,Single,,,,,,,,,30,Agitating,10,Diluent - Starch:99.90%;Lubricant - Magnesium Stearate:0.10%
1335778000,2025-06-02T11:34:34.778,0,37,573,0,0,1,0,0,0,3,0,0,0,0,0,0,Piccola Classic,IPT(TSM)-D,,,8,,,Single,,,,,,,,,30,Agitating,10,Diluent - Starch:99.90%;Lubricant - Magnesium Stearate:0.10%
1335780000,2025-06-02T11:34:34.780,0,46,509,0,0,1,0,0,0,3,0,0,0,0,0,0,Piccola Classic,IPT(TSM)-D,,,8,,,Single,,,,,,,,,30,Agitating,10,Diluent - Starch:99.90%;Lubricant - Magnesium Stearate:0.10%
1335782000,2025-06-02T11:34:34.782,0,40,590,0,0,1,0,0,0,3,0,0,0,0,0,0,Piccola Classic,IPT(TSM)-D,,,8,,,Single,,,,,,,,,30,Agitating,10,Diluent - Starch:99.90%;Lubricant - Magnesium Stearate:0.10%
1335784000,2025-06-02T11:34:34.784,0,37,564,0,0,1,0,0,0,3,0,0,0,0,0,0,Piccola Classic,IPT(TSM)-D,,,8,,,Single,,,,,,,,,30,Agitating,10,Diluent - Starch:99.90%;Lubricant - Magnesium Stearate:0.10%
1335786000,2025-06-02T11:34:34.786,0,50,560,0,0,1,0,0,0,3,0,0,0,0,0,0,Piccola Classic,IPT(TSM)-D,,,8,,,Single,,,,,,,,,30,Agitating,10,Diluent - Starch:99.90%;Lubricant - Magnesium Stearate:0.10%
1335788000,2025-06-02T11:34:34.788,0,56,535,0,0,1,0,0,0,3,0,0,0,0,0,0,Piccola Classic,IPT(TSM)-D,,,8,,,Single,,,,,,,,,30,Agitating,10,Diluent - Starch:99.90%;Lubricant - Magnesium Stearate:0.10%
1335790000,2025-06-02T11:34:34.790,0,41,564,0,0,1,0,0,0,3,0,0,0,0,0,0,Piccola Classic,IPT(TSM)-D,,,8,,,Single,,,,,,,,,30,Agitating,10,Diluent - Starch:99.90%;Lubricant - Magnesium Stearate:0.10%
1335792000,2025-06-02T11:34:34.792,0,46,518,0,0,1,0,0,0,3,0,0,0,0,0,0,Piccola Classic,IPT(TSM)-D,,,8,,,Single,,,,,,,,,30,Agitating,10,Diluent - Starch:99.90%;Lubricant - Magnesium Stearate:0.10%
1335794000,2025-06-02T11:34:34.794,0,26,518,0,0,1,0,0,0,3,0,0,0,0,0,0,Piccola Classic,IPT(TSM)-D,,,8,,,Single,,,,,,,,,30,Agitating,10,Diluent - Starch:99.90%;Lubricant - Magnesium Stearate:0.10%
1335796000,2025-06-02T11:34:34.796,0,35,545,0,0,1,0,0,0,3,0,0,0,0,0,0,Piccola Classic,IPT(TSM)-D,,,8,,,Single,,,,,,,,,30,Agitating,10,Diluent - Starch:99.90%;Lubricant - Magnesium Stearate:0.10%
1335798000,2025-06-02T11:34:34.798,0,45,509,0,0,1,0,0,0,3,0,0,0,0,0,0,Piccola Classic,IPT(TSM)-D,,,8,,,Single,,,,,,,,,30,Agitating,10,Diluent - Starch:99.90%;Lubricant - Magnesium Stearate:0.10%
1335800000,2025-06-02T11:34:34.800,0,30,559,0,0,1,0,0,0,3,0,0,0,0,0,0,Piccola Classic,IPT(TSM)-D,,,8,,,Single,,,,,,,,,30,Agitating,10,Diluent - Starch:99.90%;Lubricant - Magnesium Stearate:0.10%
1335802000,2025-06-02T11:34:34.802,0,31,513,0,0,1,0,0,0,3,0,0,0,0,0,0,Piccola Classic,IPT(TSM)-D,,,8,,,Single,,,,,,,,,30,Agitating,10,Diluent - Starch:99.90%;Lubricant - Magnesium Stearate:0.10%
1335804000,2025-06-02T11:34:34.804,0,35,544,0,0,1,0,0,0,3,0,0,0,0,0,0,Piccola Classic,IPT(TSM)-D,,,8,,,Single,,,,,,,,,30,Agitating,10,Diluent - Starch:99.90%;Lubricant - Magnesium Stearate:0.10%
1335806000,2025-06-02T11:34:34.806,0,27,538,0,0,1,0,0,0,3,0,0,0,0,0,0,Piccola Classic,IPT(TSM)-D,,,8,,,Single,,,,,,,,,30,Agitating,10,Diluent - Starch:99.90%;Lubricant - Magnesium Stearate:0.10%
1335808000,2025-06-02T11:34:34.808,0,50,574,0,0,1,0,0,0,3,0,0,0,0,0,0,Piccola Classic,IPT(TSM)-D,,,8,,,Single,,,,,,,,,30,Agitating,10,Diluent - Starch:99.90%;Lubricant - Magnesium Stearate:0.10%
1335810000,2025-06-02T11:34:34.810,0,27,565,0,0,1,0,0,0,3,0,0,0,0,0,0,Piccola Classic,IPT(TSM)-D,,,8,,,Single,,,,,,,,,30,Agitating,10,Diluent - Starch:99.90%;Lubricant - Magnesium Stearate:0.10%
1335812000,2025-06-02T11:34:34.812,0,40,515,0,0,1,0,0,0,3,0,0,0,0,0,0,Piccola Classic,IPT(TSM)-D,,,8,,,Single,,,,,,,,,30,Agitating,10,Diluent - Starch:99.90%;Lubricant - Magnesium Stearate:0.10%
1335814000,2025-06-02T11:34:34.814,0,47,511,0,0,1,0,0,0,3,0,0,0,0,0,0,Piccola Classic,IPT(TSM)-D,,,8,,,Single,,,,,,,,,30,Agitating,10,Diluent - Starch:99.90%;Lubricant - Magnesium Stearate:0.10%
1335816000,2025-06-02T11:34:34.816,0,21,564,0,0,1,0,0,0,3,0,0,0,0,0,0,Piccola Classic,IPT(TSM)-D,,,8,,,Single,,,,,,,,,30,Agitating,10,Diluent - Starch:99.90%;Lubricant - Magnesium Stearate:0.10%
1335818000,2025-06-02T11:34:34.818,0,40,524,0,0,1,0,0,0,3,0,0,0,0,0,0,Piccola Classic,IPT(TSM)-D,,,8,,,Single,,,,,,,,,30,Agitating,10,Diluent - Starch:99.90%;Lubricant - Magnesium Stearate:0.10%
1335820000,2025-06-02T11:34:34.820,0,0,753,0,0,0,1,0,0,3,0,0,0,0,0,0,Piccola Classic,IPT(TSM)-D,,,8,,,Single,,,,,,,,,30,Agitating,10,Diluent - Starch:99.90%;Lubricant - Magnesium Stearate:0.10%
1335822000,2025-06-02T11:34:34.822,0,0,605,0,0,0,1,0,0,3,0,0,0,0,0,0,Piccola Classic,IPT(TSM)-D,,,8,,,Single,,,,,,,,,30,Agitating,10,Diluent - Starch:99.90%;Lubricant - Magnesium Stearate:0.10%
1335824000,2025-06-02T11:34:34.824,0,0,774,0,0,0,1,0,0,3,0,0,0,0,0,0,Piccola Classic,IPT(TSM)-D,,,8,,,Single,,,,,,,,,30,Agitating,10,Diluent - Starch:99.90%;Lubricant - Magnesium Stearate:0.10%
1335826000,2025-06-02T11:34:34.826,0,0,886,0,0,0,1,0,0,3,0,0,0,0,0,0,Piccola Classic,IPT(TSM)-D,,,8,,,Single,,,,,,,,,30,Agitating,10,Diluent - Starch:99.90%;Lubricant - Magnesium Stearate:0.10%
1335828000,2025-06-02T11:34:34.828,0,0,670,0,0,0,1,0,0,3,0,0,0,0,0,0,Piccola Classic,IPT(TSM)-D,,,8,,,Single,,,,,,,,,30,Agitating,10,Diluent - Starch:99.90%;Lubricant - Magnesium Stearate:0.10%
1335830000,2025-06-02T11:34:34.830,0,0,856,0,0,0,1,0,0,3,0,0,0,0,0,0,Piccola Classic,IPT(TSM)-D,,,8,,,Single,,,,,,,,,30,Agitating,10,Diluent - Starch:99.90%;Lubricant - Magnesium Stearate:0.10%
1335832000,2025-06-02T11:34:34.832,0,0,900,0,0,0,1,0,0,3,0,0,0,0,0,0,Piccola Classic,IPT(TSM)-D,,,8,,,Single,,,,,,,,,30,Agitating,10,Diluent - Starch:99.90%;Lubricant - Magnesium Stearate:0.10%
1335834000,2025-06-02T11:34:34.834,0,0,894,0,0,0,1,0,0,3,0,0,0,0,0,0,Piccola Classic,IPT(TSM)-D,,,8,,,Single,,,,,,,,,30,Agitating,10,Diluent - Starch:99.90%;Lubricant - Magnesium Stearate:0.10%
1335836000,2025-06-02T11:34:34.836,0,0,771,0,0,0,1,0,0,3,0,0,0,0,0,0,Piccola Classic,IPT(TSM)-D,,,8,,,Single,,,,,,,,,30,Agitating,10,Diluent - Starch:99.90%;Lubricant - Magnesium Stearate:0.10%
1335838000,2025-06-02T11:34:34.838,0,0,901,0,0,0,1,0,0,3,0,0,0,0,0,0,Piccola Classic,IPT(TSM)-D,,,8,,,Single,,,,,,,,,30,Agitating,10,Diluent - Starch:99.90%;Lubricant - Magnesium Stearate:0.10%
1335840000,2025-06-02T11:34:34.840,0,0,639,0,0,0,1,0,0,3,0,0,0,0,0,0,Piccola Classic,IPT(TSM)-D,,,8,,,Single,,,,,,,,,30,Agitating,10,Diluent - Starch:99.90%;Lubricant - Magnesium Stearate:0.10%
1335842000,2025-06-02T11:34:34.842,0,0,720,0,0,0,1,0,0,3,0,0,0,0,0,0,Piccola Classic,IPT(TSM)-D,,,8,,,Single,,,,,,,,,30,Agitating,10,Diluent - Starch:99.90%;Lubricant - Magnesium Stearate:0.10%
1335844000,2025-06-02T11:34:34.844,0,0,712,0,0,0,1,0,0,3,0,0,0,0,0,0,Piccola Classic,IPT(TSM)-D,,,8,,,Single,,,,,,,,,30,Agitating,10,Diluent - Starch:99.90%;Lubricant - Magnesium Stearate:0.10%
1335846000,2025-06-02T11:34:34.846,0,0,789,0,0,0,1,0,0,3,0,0,0,0,0,0,Piccola Classic,IPT(TSM)-D,,,8,,,Single,,,,,,,,,30,Agitating,10,Diluent - Starch:99.90%;Lubricant - Magnesium Stearate:0.10%
1335848000,2025-06-02T11:34:34.848,0,0,812,0,0,0,1,0,0,3,0,0,0,0,0,0,Piccola Classic,IPT(TSM)-D,,,8,,,Single,,,,,,,,,30,Agitating,10,Diluent - Starch:99.90%;Lubricant - Magnesium Stearate:0.10%
1335850000,2025-06-02T11:34:34.850,0,0,899,0,0,0,1,0,0,3,0,0,0,0,0,0,Piccola Classic,IPT(TSM)-D,,,8,,,Single,,,,,,,,,30,Agitating,10,Diluent - Starch:99.90%;Lubricant - Magnesium Stearate:0.10%
1335852000,2025-06-02T11:34:34.852,0,0,616,0,0,0,1,0,0,3,0,0,0,0,0,0,Piccola Classic,IPT(TSM)-D,,,8,,,Single,,,,,,,,,30,Agitating,10,Diluent - Starch:99.90%;Lubricant - Magnesium Stearate:0.10%
1335854000,2025-06-02T11:34:34.854,0,0,711,0,0,0,1,0,0,3,0,0,0,0,0,0,Piccola Classic,IPT(TSM)-D,,,8,,,Single,,,,,,,,,30,Agitating,10,Diluent - Starch:99.90%;Lubricant - Magnesium Stearate:0.10%
1335856000,2025-06-02T11:34:34.856,0,0,603,0,0,0,1,0,0,3,0,0,0,0,0,0,Piccola Classic,IPT(TSM)-D,,,8,,,Single,,,,,,,,,30,Agitating,10,Diluent - Starch:99.90%;Lubricant - Magnesium Stearate:0.10%
1335858000,2025-06-02T11:34:34.858,0,0,697,0,0,0,1,0,0,3,0,0,0,0,0,0,Piccola Classic,IPT(TSM)-D,,,8,,,Single,,,,,,,,,30,Agitating,10,Diluent - Starch:99.90%;Lubricant - Magnesium Stearate:0.10%
1335860000,2025-06-02T11:34:34.860,0,0,601,0,0,0,1,0,0,3,0,0,0,0,0,0,Piccola Classic,IPT(TSM)-D,,,8,,,Single,,,,,,,,,30,Agitating,10,Diluent - Starch:99.90%;Lubricant - Magnesium Stearate:0.10%
1335862000,2025-06-02T11:34:34.862,0,0,694,0,0,0,1,0,0,3,0,0,0,0,0,0,Piccola Classic,IPT(TSM)-D,,,8,,,Single,,,,,,,,,30,Agitating,10,Diluent - Starch:99.90%;Lubricant - Magnesium Stearate:0.10%
1335864000,2025-06-02T11:34:34.864,0,0,720,0,0,0,1,0,0,3,0,0,0,0,0,0,Piccola Classic,IPT(TSM)-D,,,8,,,Single,,,,,,,,,30,Agitating,10,Diluent - Starch:99.90%;Lubricant - Magnesium Stearate:0.10%
1335866000,2025-06-02T11:34:34.866,0,0,813,0,0,0,1,0,0,3,0,0,0,0,0,0,Piccola Classic,IPT(TSM)-D,,,8,,,Single,,,,,,,,,30,Agitating,10,Diluent - Starch:99.90%;Lubricant - Magnesium Stearate:0.10%
1335868000,2025-06-02T11:34:34.868,0,0,659,0,0,0,1,0,0,3,0,0,0,0,0,0,Piccola Classic,IPT(TSM)-D,,,8,,,Single,,,,,,,,,30,Agitating,10,Diluent - Starch:99.90%;Lubricant - Magnesium Stearate:0.10%
1335870000,2025-06-02T11:34:34.870,0,0,685,0,0,0,1,0,0,3,0,0,0,0,0,0,Piccola Classic,IPT(TSM)-D,,,8,,,Single,,,,,,,,,30,Agitating,10,Diluent - Starch:99.90%;Lubricant - Magnesium Stearate:0.10%
1335872000,2025-06-02T11:34:34.872,0,0,802,0,0,0,1,0,0,3,0,0,0,0,0,0,Piccola Classic,IPT(TSM)-D,,,8,,,Single,,,,,,,,,30,Agitating,10,Diluent - Starch:99.90%;Lubricant - Magnesium Stearate:0.10%
1335874000,2025-06-02T11:34:34.874,0,0,757,0,0,0,1,0,0,3,0,0,0,0,0,0,Piccola Classic,IPT(TSM)-D,,,8,,,Single,,,,,,,,,30,Agitating,10,Diluent - Starch:99.90%;Lubricant - Magnesium Stearate:0.10%
1335876000,2025-06-02T11:34:34.876,0,0,725,0,0,0,1,0,0,3,0,0,0,0,0,0,Piccola Classic,IPT(TSM)-D,,,8,,,Single,,,,,,,,,30,Agitating,10,Diluent - Starch:99.90%;Lubricant - Magnesium Stearate:0.10%
1335878000,2025-06-02T11:34:34.878,0,0,819,0,0,0,1,0,0,3,0,0,0,0,0,0,Piccola Classic,IPT(TSM)-D,,,8,,,Single,,,,,,,,,30,Agitating,10,Diluent - Starch:99.90%;Lubricant - Magnesium Stearate:0.10%
1335880000,2025-06-02T11:34:34.880,0,0,843,0,0,0,1,0,0,3,0,0,0,0,0,0,Piccola Classic,IPT(TSM)-D,,,8,,,Single,,,,,,,,,30,Agitating,10,Diluent - Starch:99.90%;Lubricant - Magnesium Stearate:0.10%
1335882000,2025-06-02T11:34:34.882,0,0,834,0,0,0,1,0,0,3,0,0,0,0,0,0,Piccola Classic,IPT(TSM)-D,,,8,,,Single,,,,,,,,,30,Agitating,10,Diluent - Starch:99.90%;Lubricant - Magnesium Stearate:0.10%
1335884000,2025-06-02T11:34:34.884,0,0,605,0,0,0,1,0,0,3,0,0,0,0,0,0,Piccola Classic,IPT(TSM)-D,,,8,,,Single,,,,,,,,,30,Agitating,10,Diluent - Starch:99.90%;Lubricant - Magnesium Stearate:0.10%
1335886000,2025-06-02T11:34:34.886,0,0,677,0,0,0,1,0,0,3,0,0,0,0,0,0,Piccola Classic,IPT(TSM)-D,,,8,,,Single,,,,,,,,,30,Agitating,10,Diluent - Starch:99.90%;Lubricant - Magnesium Stearate:0.10%
1335888000,2025-06-02T11:34:34.888,0,0,778,0,0,0,1,0,0,3,0,0,0,0,0,0,Piccola Classic,IPT(TSM)-D,,,8,,,Single,,,,,,,,,30,Agitating,10,Diluent - Starch:99.90%;Lubricant - Magnesium Stearate:0.10%
1335890000,2025-06-02T11:34:34.890,0,0,898,0,0,0,1,0,0,3,0,0,0,0,0,0,Piccola Classic,IPT(TSM)-D,,,8,,,Single,,,,,,,,,30,Agitating,10,Diluent - Starch:99.90%;Lubricant - Magnesium Stearate:0.10%
1335892000,2025-06-02T11:34:34.892,0,0,619,0,0,0,1,0,0,3,0,0,0,0,0,0,Piccola Classic,IPT(TSM)-D,,,8,,,Single,,,,,,,,,30,Agitating,10,Diluent - Starch:99.90%;Lubricant - Magnesium Stearate:0.10%
1335894000,2025-06-02T11:34:34.894,0,0,841,0,0,0,1,0,0,3,0,0,0,0,0,0,Piccola Classic,IPT(TSM)-D,,,8,,,Single,,,,,,,,,30,Agitating,10,Diluent - Starch:99.90%;Lubricant - Magnesium Stearate:0.10%
1335896000,2025-06-02T11:34:34.896,0,0,900,0,0,0,1,0,0,3,0,0,0,0,0,0,Piccola Classic,IPT(TSM)-D,,,8,,,Single,,,,,,,,,30,Agitating,10,Diluent - Starch:99.90%;Lubricant - Magnesium Stearate:0.10%
1335898000,2025-06-02T11:34:34.898,0,0,724,0,0,0,1,0,0,3,0,0,0,0,0,0,Piccola Classic,IPT(TSM)-D,,,8,,,Single,,,,,,,,,30,Agitating,10,Diluent - Starch:99.90%;Lubricant - Magnesium Stearate:0.10%
1335900000,2025-06-02T11:34:34.900,0,0,537,218,0,0,0,3,0,3,0,0,0,0,0,0,Piccola Classic,IPT(TSM)-D,,,8,,,Single,,,,,,,,,30,Agitating,10,Diluent - Starch:99.90%;Lubricant - Magnesium Stearate:0.10%
1335902000,2025-06-02T11:34:34.902,0,0,568,205,0,0,0,3,0,3,0,0,0,0,0,0,Piccola Classic,IPT(TSM)-D,,,8,,,Single,,,,,,,,,30,Agitating,10,Diluent - Starch:99.90%;Lubricant - Magnesium Stearate:0.10%
1335904000,2025-06-02T11:34:34.904,0,0,550,204,0,0,0,3,0,3,0,0,0,0,0,0,Piccola Classic,IPT(TSM)-D,,,8,,,Single,,,,,,,,,30,Agitating,10,Diluent - Starch:99.90%;Lubricant - Magnesium Stearate:0.10%
1335906000,2025-06-02T11:34:34.906,0,0,549,202,0,0,0,3,0,3,0,0,0,0,0,0,Piccola Classic,IPT(TSM)-D,,,8,,,Single,,,,,,,,,30,Agitating,10,Diluent - Starch:99.90%;Lubricant - Magnesium Stearate:0.10%
1335908000,2025-06-02T11:34:34.908,0,0,556,232,0,0,0,3,0,3,0,0,0,0,0,0,Piccola Classic,IPT(TSM)-D,,,8,,,Single,,,,,,,,,30,Agitating,10,Diluent - Starch:99.90%;Lubricant - Magnesium Stearate:0.10%
1335910000,2025-06-02T11:34:34.910,0,0,581,228,0,0,0,3,0,3,0,0,0,0,0,0,Piccola Classic,IPT(TSM)-D,,,8,,,Single,,,,,,,,,30,Agitating,10,Diluent - Starch:99.90%;Lubricant - Magnesium Stearate:0.10%
1335912000,2025-06-02T11:34:34.912,0,0,554,240,0,0,0,3,0,3,0,0,0,0,0,0,Piccola Classic,IPT(TSM)-D,,,8,,,Single,,,,,,,,,30,Agitating,10,Diluent - Starch:99.90%;Lubricant - Magnesium Stearate:0.10%
1335914000,2025-06-02T11:34:34.914,0,0,575,235,0,0,0,3,0,3,0,0,0,0,0,0,Piccola Classic,IPT(TSM)-D,,,8,,,Single,,,,,,,,,30,Agitating,10,Diluent - Starch:99.90%;Lubricant - Magnesium Stearate:0.10%
1335916000,2025-06-02T11:34:34.916,0,0,588,235,0,0,0,3,0,3,0,0,0,0,0,0,Piccola Classic,IPT(TSM)-D,,,8,,,Single,,,,,,,,,30,Agitating,10,Diluent - Starch:99.90%;Lubricant - Magnesium Stearate:0.10%
1335918000,2025-06-02T11:34:34.918,0,0,517,235,0,0,0,3,0,3,0,0,0,0,0,0,Piccola Classic,IPT(TSM)-D,,,8,,,Single,,,,,,,,,30,Agitating,10,Diluent - Starch:99.90%;Lubricant - Magnesium Stearate:0.10%
1335920000,2025-06-02T11:34:34.920,0,0,512,229,0,0,0,3,0,3,0,0,0,0,0,0,Piccola Classic,IPT(TSM)-D,,,8,,,Single,,,,,,,,,30,Agitating,10,Diluent - Starch:99.90%;Lubricant - Magnesium Stearate:0.10%
1335922000,2025-06-02T11:34:34.922,0,0,548,238,0,0,0,3,0,3,0,0,0,0,0,0,Piccola Classic,IPT(TSM)-D,,,8,,,Single,,,,,,,,,30,Agitating,10,Diluent - Starch:99.90%;Lubricant - Magnesium Stearate:0.10%
1335924000,2025-06-02T11:34:34.924,0,0,573,204,0,0,0,3,0,3,0,0,0,0,0,0,Piccola Classic,IPT(TSM)-D,,,8,,,Single,,,,,,,,,30,Agitating,10,Diluent - Starch:99.90%;Lubricant - Magnesium Stearate:0.10%
1335926000,2025-06-02T11:34:34.926,0,0,578,247,0,0,0,3,0,3,0,0,0,0,0,0,Piccola Classic,IPT(TSM)-D,,,8,,,Single,,,,,,,,,30,Agitating,10,Diluent - Starch:99.90%;Lubricant - Magnesium Stearate:0.10%
1335928000,2025-06-02T11:34:34.928,0,0,590,203,0,0,0,3,0,3,0,0,0,0,0,0,Piccola Classic,IPT(TSM)-D,,,8,,,Single,,,,,,,,,30,Agitating,10,Diluent - Starch:99.90%;Lubricant - Magnesium Stearate:0.10%
1335930000,2025-06-02T11:34:34.930,0,0,596,205,0,0,0,3,0,3,0,0,0,0,0,0,Piccola Classic,IPT(TSM)-D,,,8,,,Single,,,,,,,,,30,Agitating,10,Diluent - Starch:99.90%;Lubricant - Magnesium Stearate:0.10%
1335932000,2025-06-02T11:34:34.932,0,0,523,201,0,0,0,3,0,3,0,0,0,0,0,0,Piccola Classic,IPT(TSM)-D,,,8,,,Single,,,,,,,,,30,Agitating,10,Diluent - Starch:99.90%;Lubricant - Magnesium Stearate:0.10%
1335934000,2025-06-02T11:34:34.934,0,0,517,238,0,0,0,3,0,3,0,0,0,0,0,0,Piccola Classic,IPT(TSM)-D,,,8,,,Single,,,,,,,,,30,Agitating,10,Diluent - Starch:99.90%;Lubricant - Magnesium Stearate:0.10%
1335936000,2025-06-02T11:34:34.936,0,0,598,247,0,0,0,3,0,3,0,0,0,0,0,0,Piccola Classic,IPT(TSM)-D,,,8,,,Single,,,,,,,,,30,Agitating,10,Diluent - Starch:99.90%;Lubricant - Magnesium Stearate:0.10%
1335938000,2025-06-02T11:34:34.938,0,0,562,221,0,0,0,3,0,3,0,0,0,0,0,0,Piccola Classic,IPT(TSM)-D,,,8,,,Single,,,,,,,,,30,Agitating,10,Diluent - Starch:99.90%;Lubricant - Magnesium Stearate:0.10%
1335940000,2025-06-02T11:34:34.940,0,0,520,223,0,0,0,3,0,3,0,0,0,0,0,0,Piccola Classic,IPT(TSM)-D,,,8,,,Single,,,,,,,,,30,Agitating,10,Diluent - Starch:99.90%;Lubricant - Magnesium Stearate:0.10%
1335942000,2025-06-02T11:34:34.942,0,0,593,204,0,0,0,3,0,3,0,0,0,0,0,0,Piccola Classic,IPT(TSM)-D,,,8,,,Single,,,,,,,,,30,Agitating,10,Diluent - Starch:99.90%;Lubricant - Magnesium Stearate:0.10%
1335944000,2025-06-02T11:34:34.944,0,0,537,247,0,0,0,3,0,3,0,0,0,0,0,0,Piccola Classic,IPT(TSM)-D,,,8,,,Single,,,,,,,,,30,Agitating,10,Diluent - Starch:99.90%;Lubricant - Magnesium Stearate:0.10%
1335946000,2025-06-02T11:34:34.946,0,0,538,223,0,0,0,3,0,3,0,0,0,0,0,0,Piccola Classic,IPT(TSM)-D,,,8,,,Single,,,,,,,,,30,Agitating,10,Diluent - Starch:99.90%;Lubricant - Magnesium Stearate:0.10%
1335948000,2025-06-02T11:34:34.948,0,0,533,232,0,0,0,3,0,3,0,0,0,0,0,0,Piccola Classic,IPT(TSM)-D,,,8,,,Single,,,,,,,,,30,Agitating,10,Diluent - Starch:99.90%;Lubricant - Magnesium Stearate:0.10%
1335950000,2025-06-02T11:34:34.950,0,0,548,230,0,0,0,3,0,3,0,0,0,0,0,0,Piccola Classic,IPT(TSM)-D,,,8,,,Single,,,,,,,,,30,Agitating,10,Diluent - Starch:99.90%;Lubricant - Magnesium Stearate:0.10%
1335952000,2025-06-02T11:34:34.952,0,0,562,203,0,0,0,3,0,3,0,0,0,0,0,0,Piccola Classic,IPT(TSM)-D,,,8,,,Single,,,,,,,,,30,Agitating,10,Diluent - Starch:99.90%;Lubricant - Magnesium Stearate:0.10%
1335954000,2025-06-02T11:34:34.954,0,0,511,238,0,0,0,3,0,3,0,0,0,0,0,0,Piccola Classic,IPT(TSM)-D,,,8,,,Single,,,,,,,,,30,Agitating,10,Diluent - Starch:99.90%;Lubricant - Magnesium Stearate:0.10%
1335956000,2025-06-02T11:34:34.956,0,0,515,245,0,0,0,3,0,3,0,0,0,0,0,0,Piccola Classic,IPT(TSM)-D,,,8,,,Single,,,,,,,,,30,Agitating,10,Diluent - Starch:99.90%;Lubricant - Magnesium Stearate:0.10%
1335958000,2025-06-02T11:34:34.958,0,0,561,236,0,0,0,3,0,3,0,0,0,0,0,0,Piccola Classic,IPT(TSM)-D,,,8,,,Single,,,,,,,,,30,Agitating,10,Diluent - Starch:99.90%;Lubricant - Magnesium Stearate:0.10%
1335960000,2025-06-02T11:34:34.960,96,0,566,0,3,0,0,0,0,3,0,0,0,0,0,0,Piccola Classic,IPT(TSM)-D,,,8,,,Single,,,,,,,,,30,Agitating,10,Diluent - Starch:99.90%;Lubricant - Magnesium Stearate:0.10%
1335962000,2025-06-02T11:34:34.962,84,0,592,0,3,0,0,0,0,3,0,0,0,0,0,0,Piccola Classic,IPT(TSM)-D,,,8,,,Single,,,,,,,,,30,Agitating,10,Diluent - Starch:99.90%;Lubricant - Magnesium Stearate:0.10%
1335964000,2025-06-02T11:34:34.964,103,0,507,0,3,0,0,0,0,3,0,0,0,0,0,0,Piccola Classic,IPT(TSM)-D,,,8,,,Single,,,,,,,,,30,Agitating,10,Diluent - Starch:99.90%;Lubricant - Magnesium Stearate:0.10%
1335966000,2025-06-02T11:34:34.966,96,0,586,0,3,0,0,0,0,3,0,0,0,0,0,0,Piccola Classic,IPT(TSM)-D,,,8,,,Single,,,,,,,,,30,Agitating,10,Diluent - Starch:99.90%;Lubricant - Magnesium Stearate:0.10%
1335968000,2025-06-02T11:34:34.968,97,0,528,0,3,0,0,0,0,3,0,0,0,0,0,0,Piccola Classic,IPT(TSM)-D,,,8,,,Single,,,,,,,,,30,Agitating,10,Diluent - Starch:99.90%;Lubricant - Magnesium Stearate:0.10%
1335970000,2025-06-02T11:34:34.970,103,0,594,0,3,0,0,0,0,3,0,0,0,0,0,0,Piccola Classic,IPT(TSM)-D,,,8,,,Single,,,,,,,,,30,Agitating,10,Diluent - Starch:99.90%;Lubricant - Magnesium Stearate:0.10%
1335972000,2025-06-02T11:34:34.972,94,0,577,0,3,0,0,0,0,3,0,0,0,0,0,0,Piccola Classic,IPT(TSM)-D,,,8,,,Single,,,,,,,,,30,Agitating,10,Diluent - Starch:99.90%;Lubricant - Magnesium Stearate:0.10%
1335974000,2025-06-02T11:34:34.974,112,0,533,0,3,0,0,0,0,3,0,0,0,0,0,0,Piccola Classic,IPT(TSM)-D,,,8,,,Single,,,,,,,,,30,Agitating,10,Diluent - Starch:99.90%;Lubricant - Magnesium Stearate:0.10%
1335976000,2025-06-02T11:34:34.976,99,0,536,0,3,0,0,0,0,3,0,0,0,0,0,0,Piccola Classic,IPT(TSM)-D,,,8,,,Single,,,,,,,,,30,Agitating,10,Diluent - Starch:99.90%;Lubricant - Magnesium Stearate:0.10%
1335978000,2025-06-02T11:34:34.978,109,0,584,0,3,0,0,0,0,3,0,0,0,0,0,0,Piccola Classic,IPT(TSM)-D,,,8,,,Single,,,,,,,,,30,Agitating,10,Diluent - Starch:99.90%;Lubricant - Magnesium Stearate:0.10%
1335980000,2025-06-02T11:34:34.980,98,0,550,0,3,0,0,0,0,3,0,0,0,0,0,0,Piccola Classic,IPT(TSM)-D,,,8,,,Single,,,,,,,,,30,Agitating,10,Diluent - Starch:99.90%;Lubricant - Magnesium Stearate:0.10%
1335982000,2025-06-02T11:34:34.982,106,0,580,0,3,0,0,0,0,3,0,0,0,0,0,0,Piccola Classic,IPT(TSM)-D,,,8,,,Single,,,,,,,,,30,Agitating,10,Diluent - Starch:99.90%;Lubricant - Magnesium Stearate:0.10%
1335984000,2025-06-02T11:34:34.984,111,0,568,0,3,0,0,0,0,3,0,0,0,0,0,0,Piccola Classic,IPT(TSM)-D,,,8,,,Single,,,,,,,,,30,Agitating,10,Diluent - Starch:99.90%;Lubricant - Magnesium Stearate:0.10%
1335986000,2025-06-02T11:34:34.986,101,0,535,0,3,0,0,0,0,3,0,0,0,0,0,0,Piccola Classic,IPT(TSM)-D,,,8,,,Single,,,,,,,,,30,Agitating,10,Diluent - Starch:99.90%;Lubricant - Magnesium Stearate:0.10%
1335988000,2025-06-02T11:34:34.988,98,0,526,0,3,0,0,0,0,3,0,0,0,0,0,0,Piccola Classic,IPT(TSM)-D,,,8,,,Single,,,,,,,,,30,Agitating,10,Diluent - Starch:99.90%;Lubricant - Magnesium Stearate:0.10%
1335990000,2025-06-02T11:34:34.990,103,0,534,0,3,0,0,0,0,3,0,0,0,0,0,0,Piccola Classic,IPT(TSM)-D,,,8,,,Single,,,,,,,,,30,Agitating,10,Diluent - Starch:99.90%;Lubricant - Magnesium Stearate:0.10%
1335992000,2025-06-02T11:34:34.992,111,0,523,0,3,0,0,0,0,3,0,0,0,0,0,0,Piccola Classic,IPT(TSM)-D,,,8,,,Single,,,,,,,,,30,Agitating,10,Diluent - Starch:99.90%;Lubricant - Magnesium Stearate:0.10%
1335994000,2025-06-02T11:34:34.994,102,0,527,0,3,0,0,0,0,3,0,0,0,0,0,0,Piccola Classic,IPT(TSM)-D,,,8,,,Single,,,,,,,,,30,Agitating,10,Diluent - Starch:99.90%;Lubricant - Magnesium Stearate:0.10%
1335996000,2025-06-02T11:34:34.996,120,0,535,0,3,0,0,0,0,3,0,0,0,0,0,0,Piccola Classic,IPT(TSM)-D,,,8,,,Single,,,,,,,,,30,Agitating,10,Diluent - Starch:99.90%;Lubricant - Magnesium Stearate:0.10%
1335998000,2025-06-02T11:34:34.998,77,0,536,0,3,0,0,0,0,3,0,0,0,0,0,0,Piccola Classic,IPT(TSM)-D,,,8,,,Single,,,,,,,,,30,Agitating,10,Diluent - Starch:99.90%;Lubricant - Magnesium Stearate:0.10%
1336000000,2025-06-02T11:34:35.000,113,0,558,0,3,0,0,0,0,3,0,0,0,0,0,0,Piccola Classic,IPT(TSM)-D,,,8,,,Single,,,,,,,,,30,Agitating,10,Diluent - Starch:99.90%;Lubricant - Magnesium Stearate:0.10%
1336002000,2025-06-02T11:34:35.002,107,0,561,0,3,0,0,0,0,3,0,0,0,0,0,0,Piccola Classic,IPT(TSM)-D,,,8,,,Single,,,,,,,,,30,Agitating,10,Diluent - Starch:99.90%;Lubricant - Magnesium Stearate:0.10%
1336004000,2025-06-02T11:34:35.004,104,0,590,0,3,0,0,0,0,3,0,0,0,0,0,0,Piccola Classic,IPT(TSM)-D,,,8,,,Single,,,,,,,,,30,Agitating,10,Diluent - Starch:99.90%;Lubricant - Magnesium Stearate:0.10%
1336006000,2025-06-02T11:34:35.006,98,0,589,0,3,0,0,0,0,3,0,0,0,0,0,0,Piccola Classic,IPT(TSM)-D,,,8,,,Single,,,,,,,,,30,Agitating,10,Diluent - Starch:99.90%;Lubricant - Magnesium Stearate:0.10%
1336008000,2025-06-02T11:34:35.008,104,0,524,0,3,0,0,0,0,3,0,0,0,0,0,0,Piccola Classic,IPT(TSM)-D,,,8,,,Single,,,,,,,,,30,Agitating,10,Diluent - Starch:99.90%;Lubricant - Magnesium Stearate:0.10%
1336010000,2025-06-02T11:34:35.010,103,0,525,0,3,0,0,0,0,3,0,0,0,0,0,0,Piccola Classic,IPT(TSM)-D,,,8,,,Single,,,,,,,,,30,Agitating,10,Diluent - Starch:99.90%;Lubricant - Magnesium Stearate:0.10%
1336012000,2025-06-02T11:34:35.012,102,0,510,0,3,0,0,0,0,3,0,0,0,0,0,0,Piccola Classic,IPT(TSM)-D,,,8,,,Single,,,,,,,,,30,Agitating,10,Diluent - Starch:99.90%;Lubricant - Magnesium Stearate:0.10%
1336014000,2025-06-02T11:34:35.014,95,0,560,0,3,0,0,0,0,3,0,0,0,0,0,0,Piccola Classic,IPT(TSM)-D,,,8,,,Single,,,,,,,,,30,Agitating,10,Diluent - Starch:99.90%;Lubricant - Magnesium Stearate:0.10%
1336016000,2025-06-02T11:34:35.016,76,0,548,0,3,0,0,0,0,3,0,0,0,0,0,0,Piccola Classic,IPT(TSM)-D,,,8,,,Single,,,,,,,,,30,Agitating,10,Diluent - Starch:99.90%;Lubricant - Magnesium Stearate:0.10%
1336018000,2025-06-02T11:34:35.018,96,0,583,0,3,0,0,0,0,3,0,0,0,0,0,0,Piccola Classic,IPT(TSM)-D,,,8,,,Single,,,,,,,,,30,Agitating,10,Diluent - Starch:99.90%;Lubricant - Magnesium Stearate:0.10%
1336020000,2025-06-02T11:34:35.020,114,0,537,0,3,0,0,0,0,3,0,0,0,0,0,0,Piccola Classic,IPT(TSM)-D,,,8,,,Single,,,,,,,,,30,Agitating,10,Diluent - Starch:99.90%;Lubricant - Magnesium Stearate:0.10%
1336022000,2025-06-02T11:34:35.022,78,0,570,0,3,0,0,0,0,3,0,0,0,0,0,0,Piccola Classic,IPT(TSM)-D,,,8,,,Single,,,,,,,,,30,Agitating,10,Diluent - Starch:99.90%;Lubricant - Magnesium Stearate:0.10%
1336024000,2025-06-02T11:34:35.024,95,0,512,0,3,0,0,0,0,3,0,0,0,0,0,0,Piccola Classic,IPT(TSM)-D,,,8,,,Single,,,,,,,,,30,Agitating,10,Diluent - Starch:99.90%;Lubricant - Magnesium Stearate:0.10%
1336026000,2025-06-02T11:34:35.026,119,0,536,0,3,0,0,0,0,3,0,0,0,0,0,0,Piccola Classic,IPT(TSM)-D,,,8,,,Single,,,,,,,,,30,Agitating,10,Diluent - Starch:99.90%;Lubricant - Magnesium Stearate:0.10%
1336028000,2025-06-02T11:34:35.028,100,0,576,0,3,0,0,0,0,3,0,0,0,0,0,0,Piccola Classic,IPT(TSM)-D,,,8,,,Single,,,,,,,,,30,Agitating,10,Diluent - Starch:99.90%;Lubricant - Magnesium Stearate:0.10%
1336030000,2025-06-02T11:34:35.030,88,0,596,0,3,0,0,0,0,3,0,0,0,0,0,0,Piccola Classic,IPT(TSM)-D,,,8,,,Single,,,,,,,,,30,Agitating,10,Diluent - Starch:99.90%;Lubricant - Magnesium Stearate:0.10%
1336032000,2025-06-02T11:34:35.032,113,0,576,0,3,0,0,0,0,3,0,0,0,0,0,0,Piccola Classic,IPT(TSM)-D,,,8,,,Single,,,,,,,,,30,Agitating,10,Diluent - Starch:99.90%;Lubricant - Magnesium Stearate:0.10%
1336034000,2025-06-02T11:34:35.034,96,0,598,0,3,0,0,0,0,3,0,0,0,0,0,0,Piccola Classic,IPT(TSM)-D,,,8,,,Single,,,,,,,,,30,Agitating,10,Diluent - Starch:99.90%;Lubricant - Magnesium Stearate:0.10%
1336036000,2025-06-02T11:34:35.036,101,0,567,0,3,0,0,0,0,3,0,0,0,0,0,0,Piccola Classic,IPT(TSM)-D,,,8,,,Single,,,,,,,,,30,Agitating,10,Diluent - Starch:99.90%;Lubricant - Magnesium Stearate:0.10%
1336038000,2025-06-02T11:34:35.038,97,0,509,0,3,0,0,0,0,3,0,0,0,0,0,0,Piccola Classic,IPT(TSM)-D,,,8,,,Single,,,,,,,,,30,Agitating,10,Diluent - Starch:99.90%;Lubricant - Magnesium Stearate:0.10%
1336040000,2025-06-02T11:34:35.040,0,26,530,0,0,3,0,0,0,3,0,0,0,0,0,0,Piccola Classic,IPT(TSM)-D,,,8,,,Single,,,,,,,,,30,Agitating,10,Diluent - Starch:99.90%;Lubricant - Magnesium Stearate:0.10%
1336042000,2025-06-02T11:34:35.042,0,34,517,0,0,3,0,0,0,3,0,0,0,0,0,0,Piccola Classic,IPT(TSM)-D,,,8,,,Single,,,,,,,,,30,Agitating,10,Diluent - Starch:99.90%;Lubricant - Magnesium Stearate:0.10%
1336044000,2025-06-02T11:34:35.044,0,62,577,0,0,3,0,0,0,3,0,0,0,0,0,0,Piccola Classic,IPT(TSM)-D,,,8,,,Single,,,,,,,,,30,Agitating,10,Diluent - Starch:99.90%;Lubricant - Magnesium Stearate:0.10%
1336046000,2025-06-02T11:34:35.046,0,37,538,0,0,3,0,0,0,3,0,0,0,0,0,0,Piccola Classic,IPT(TSM)-D,,,8,,,Single,,,,,,,,,30,Agitating,10,Diluent - Starch:99.90%;Lubricant - Magnesium Stearate:0.10%
1336048000,2025-06-02T11:34:35.048,0,35,528,0,0,3,0,0,0,3,0,0,0,0,0,0,Piccola Classic,IPT(TSM)-D,,,8,,,Single,,,,,,,,,30,Agitating,10,Diluent - Starch:99.90%;Lubricant - Magnesium Stearate:0.10%
1336050000,2025-06-02T11:34:35.050,0,50,536,0,0,3,0,0,0,3,0,0,0,0,0,0,Piccola Classic,IPT(TSM)-D,,,8,,,Single,,,,,,,,,30,Agitating,10,Diluent - Starch:99.90%;Lubricant - Magnesium Stearate:0.10%
1336052000,2025-06-02T11:34:35.052,0,38,542,0,0,3,0,0,0,3,0,0,0,0,0,0,Piccola Classic,IPT(TSM)-D,,,8,,,Single,,,,,,,,,30,Agitating,10,Diluent - Starch:99.90%;Lubricant - Magnesium Stearate:0.10%
1336054000,2025-06-02T11:34:35.054,0,41,586,0,0,3,0,0,0,3,0,0,0,0,0,0,Piccola Classic,IPT(TSM)-D,,,8,,,Single,,,,,,,,,30,Agitating,10,Diluent - Starch:99.90%;Lubricant - Magnesium Stearate:0.10%
1336056000,2025-06-02T11:34:35.056,0,33,557,0,0,3,0,0,0,3,0,0,0,0,0,0,Piccola Classic,IPT(TSM)-D,,,8,,,Single,,,,,,,,,30,Agitating,10,Diluent - Starch:99.90%;Lubricant - Magnesium Stearate:0.10%
1336058000,2025-06-02T11:34:35.058,0,36,592,0,0,3,0,0,0,3,0,0,0,0,0,0,Piccola Classic,IPT(TSM)-D,,,8,,,Single,,,,,,,,,30,Agitating,10,Diluent - Starch:99.90%;Lubricant - Magnesium Stearate:0.10%
1336060000,2025-06-02T11:34:35.060,0,41,526,0,0,3,0,0,0,3,0,0,0,0,0,0,Piccola Classic,IPT(TSM)-D,,,8,,,Single,,,,,,,,,30,Agitating,10,Diluent - Starch:99.90%;Lubricant - Magnesium Stearate:0.10%
1336062000,2025-06-02T11:34:35.062,0,34,575,0,0,3,0,0,0,3,0,0,0,0,0,0,Piccola Classic,IPT(TSM)-D,,,8,,,Single,,,,,,,,,30,Agitating,10,Diluent - Starch:99.90%;Lubricant - Magnesium Stearate:0.10%
1336064000,2025-06-02T11:34:35.064,0,43,520,0,0,3,0,0,0,3,0,0,0,0,0,0,Piccola Classic,IPT(TSM)-D,,,8,,,Single,,,,,,,,,30,Agitating,10,Diluent - Starch:99.90%;Lubricant - Magnesium Stearate:0.10%
1336066000,2025-06-02T11:34:35.066,0,32,519,0,0,3,0,0,0,3,0,0,0,0,0,0,Piccola Classic,IPT(TSM)-D,,,8,,,Single,,,,,,,,,30,Agitating,10,Diluent - Starch:99.90%;Lubricant - Magnesium Stearate:0.10%
1336068000,2025-06-02T11:34:35.068,0,41,532,0,0,3,0,0,0,3,0,0,0,0,0,0,Piccola Classic,IPT(TSM)-D,,,8,,,Single,,,,,,,,,30,Agitating,10,Diluent - Starch:99.90%;Lubricant - Magnesium Stearate:0.10%
1336070000,2025-06-02T11:34:35.070,0,26,578,0,0,3,0,0,0,3,0,0,0,0,0,0,Piccola Classic,IPT(TSM)-D,,,8,,,Single,,,,,,,,,30,Agitating,10,Diluent - Starch:99.90%;Lubricant - Magnesium Stearate:0.10%
1336072000,2025-06-02T11:34:35.072,0,45,547,0,0,3,0,0,0,3,0,0,0,0,0,0,Piccola Classic,IPT(TSM)-D,,,8,,,Single,,,,,,,,,30,Agitating,10,Diluent - Starch:99.90%;Lubricant - Magnesium Stearate:0.10%
1336074000,2025-06-02T11:34:35.074,0,61,556,0,0,3,0,0,0,3,0,0,0,0,0,0,Piccola Classic,IPT(TSM)-D,,,8,,,Single,,,,,,,,,30,Agitating,10,Diluent - Starch:99.90%;Lubricant - Magnesium Stearate:0.10%
1336076000,2025-06-02T11:34:35.076,0,49,530,0,0,3,0,0,0,3,0,0,0,0,0,0,Piccola Classic,IPT(TSM)-D,,,8,,,Single,,,,,,,,,30,Agitating,10,Diluent - Starch:99.90%;Lubricant - Magnesium Stearate:0.10%
1336078000,2025-06-02T11:34:35.078,0,13,583,0,0,3,0,0,0,3,0,0,0,0,0,0,Piccola Classic,IPT(TSM)-D,,,8,,,Single,,,,,,,,,30,Agitating,10,Diluent - Starch:99.90%;Lubricant - Magnesium Stearate:0.10%
1336080000,2025-06-02T11:34:35.080,0,30,523,0,0,3,0,0,0,3,0,0,0,0,0,0,Piccola Classic,IPT(TSM)-D,,,8,,,Single,,,,,,,,,30,Agitating,10,Diluent - Starch:99.90%;Lubricant - Magnesium Stearate:0.10%
1336082000,2025-06-02T11:34:35.082,0,57,512,0,0,3,0,0,0,3,0,0,0,0,0,0,Piccola Classic,IPT(TSM)-D,,,8,,,Single,,,,,,,,,30,Agitating,10,Diluent - Starch:99.90%;Lubricant - Magnesium Stearate:0.10%
1336084000,2025-06-02T11:34:35.084,0,32,539,0,0,3,0,0,0,3,0,0,0,0,0,0,Piccola Classic,IPT(TSM)-D,,,8,,,Single,,,,,,,,,30,Agitating,10,Diluent - Starch:99.90%;Lubricant - Magnesium Stearate:0.10%
1336086000,2025-06-02T11:34:35.086,0,5,571,0,0,3,0,0,0,3,0,0,0,0,0,0,Piccola Classic,IPT(TSM)-D,,,8,,,Single,,,,,,,,,30,Agitating,10,Diluent - Starch:99.90%;Lubricant - Magnesium Stearate:0.10%
1336088000,2025-06-02T11:34:35.088,0,50,597,0,0,3,0,0,0,3,0,0,0,0,0,0,Piccola Classic,IPT(TSM)-D,,,8,,,Single,,,,,,,,,30,Agitating,10,Diluent - Starch:99.90%;Lubricant - Magnesium Stearate:0.10%
1336090000,2025-06-02T11:34:35.090,0,32,526,0,0,3,0,0,0,3,0,0,0,0,0,0,Piccola Classic,IPT(TSM)-D,,,8,,,Single,,,,,,,,,30,Agitating,10,Diluent - Starch:99.90%;Lubricant - Magnesium Stearate:0.10%
1336092000,2025-06-02T11:34:35.092,0,47,512,0,0,3,0,0,0,3,0,0,0,0,0,0,Piccola Classic,IPT(TSM)-D,,,8,,,Single,,,,,,,,,30,Agitating,10,Diluent - Starch:99.90%;Lubricant - Magnesium Stearate:0.10%
1336094000,2025-06-02T11:34:35.094,0,59,578,0,0,3,0,0,0,3,0,0,0,0,0,0,Piccola Classic,IPT(TSM)-D,,,8,,,Single,,,,,,,,,30,Agitating,10,Diluent - Starch:99.90%;Lubricant - Magnesium Stearate:0.10%
1336096000,2025-06-02T11:34:35.096,0,26,593,0,0,3,0,0,0,3,0,0,0,0,0,0,Piccola Classic,IPT(TSM)-D,,,8,,,Single,,,,,,,,,30,Agitating,10,Diluent - Starch:99.90%;Lubricant - Magnesium Stearate:0.10%
1336098000,2025-06-02T11:34:35.098,0,47,531,0,0,3,0,0,0,3,0,0,0,0,0,0,Piccola Classic,IPT(TSM)-D,,,8,,,Single,,,,,,,,,30,Agitating,10,Diluent - Starch:99.90%;Lubricant - Magnesium Stearate:0.10%
1336100000,2025-06-02T11:34:35.100,0,40,598,0,0,3,0,0,0,3,0,0,0,0,0,0,Piccola Classic,IPT(TSM)-D,,,8,,,Single,,,,,,,,,30,Agitating,10,Diluent - Starch:99.90%;Lubricant - Magnesium Stearate:0.10%
1336102000,2025-06-02T11:34:35.102,0,33,509,0,0,3,0,0,0,3,0,0,0,0,0,0,Piccola Classic,IPT(TSM)-D,,,8,,,Single,,,,,,,,,30,Agitating,10,Diluent - Starch:99.90%;Lubricant - Magnesium Stearate:0.10%
1336104000,2025-06-02T11:34:35.104,0,28,561,0,0,3,0,0,0,3,0,0,0,0,0,0,Piccola Classic,IPT(TSM)-D,,,8,,,Single,,,,,,,,,30,Agitating,10,Diluent - Starch:99.90%;Lubricant - Magnesium Stearate:0.10%
1336106000,2025-06-02T11:34:35.106,0,36,544,0,0,3,0,0,0,3,0,0,0,0,0,0,Piccola Classic,IPT(TSM)-D,,,8,,,Single,,,,,,,,,30,Agitating,10,Diluent - Starch:99.90%;Lubricant - Magnesium Stearate:0.10%
1336108000,2025-06-02T11:34:35.108,0,51,541,0,0,3,0,0,0,3,0,0,0,0,0,0,Piccola Classic,IPT(TSM)-D,,,8,,,Single,,,,,,,,,30,Agitating,10,Diluent - Starch:99.90%;Lubricant - Magnesium Stearate:0.10%
1336110000,2025-06-02T11:34:35.110,0,50,538,0,0,3,0,0,0,3,0,0,0,0,0,0,Piccola Classic,IPT(TSM)-D,,,8,,,Single,,,,,,,,,30,Agitating,10,Diluent - Starch:99.90%;Lubricant - Magnesium Stearate:0.10%
1336112000,2025-06-02T11:34:35.112,0,37,581,0,0,3,0,0,0,3,0,0,0,0,0,0,Piccola Classic,IPT(TSM)-D,,,8,,,Single,,,,,,,,,30,Agitating,10,Diluent - Starch:99.90%;Lubricant - Magnesium Stearate:0.10%
1336114000,2025-06-02T11:34:35.114,0,47,533,0,0,3,0,0,0,3,0,0,0,0,0,0,Piccola Classic,IPT(TSM)-D,,,8,,,Single,,,,,,,,,30,Agitating,10,Diluent - Starch:99.90%;Lubricant - Magnesium Stearate:0.10%
1336116000,2025-06-02T11:34:35.116,0,42,539,0,0,3,0,0,0,3,0,0,0,0,0,0,Piccola Classic,IPT(TSM)-D,,,8,,,Single,,,,,,,,,30,Agitating,10,Diluent - Starch:99.90%;Lubricant - Magnesium Stearate:0.10%
1336118000,2025-06-02T11:34:35.118,0,32,586,0,0,3,0,0,0,3,0,0,0,0,0,0,Piccola Classic,IPT(TSM)-D,,,8,,,Single,,,,,,,,,30,Agitating,10,Diluent - Starch:99.90%;Lubricant - Magnesium Stearate:0.10%
1336120000,2025-06-02T11:34:35.120,0,0,605,0,0,0,3,0,0,3,0,0,0,0,0,0,Piccola Classic,IPT(TSM)-D,,,8,,,Single,,,,,,,,,30,Agitating,10,Diluent - Starch:99.90%;Lubricant - Magnesium Stearate:0.10%
1336122000,2025-06-02T11:34:35.122,0,0,778,0,0,0,3,0,0,3,0,0,0,0,0,0,Piccola Classic,IPT(TSM)-D,,,8,,,Single,,,,,,,,,30,Agitating,10,Diluent - Starch:99.90%;Lubricant - Magnesium Stearate:0.10%
1336124000,2025-06-02T11:34:35.124,0,0,883,0,0,0,3,0,0,3,0,0,0,0,0,0,Piccola Classic,IPT(TSM)-D,,,8,,,Single,,,,,,,,,30,Agitating,10,Diluent - Starch:99.90%;Lubricant - Magnesium Stearate:0.10%
1336126000,2025-06-02T11:34:35.126,0,0,603,0,0,0,3,0,0,3,0,0,0,0,0,0,Piccola Classic,IPT(TSM)-D,,,8,,,Single,,,,,,,,,30,Agitating,10,Diluent - Starch:99.90%;Lubricant - Magnesium Stearate:0.10%
1336128000,2025-06-02T11:34:35.128,0,0,825,0,0,0,3,0,0,3,0,0,0,0,0,0,Piccola Classic,IPT(TSM)-D,,,8,,,Single,,,,,,,,,30,Agitating,10,Diluent - Starch:99.90%;Lubricant - Magnesium Stearate:0.10%
1336130000,2025-06-02T11:34:35.130,0,0,805,0,0,0,3,0,0,3,0,0,0,0,0,0,Piccola Classic,IPT(TSM)-D,,,8,,,Single,,,,,,,,,30,Agitating,10,Diluent - Starch:99.90%;Lubricant - Magnesium Stearate:0.10%
1336132000,2025-06-02T11:34:35.132,0,0,634,0,0,0,3,0,0,3,0,0,0,0,0,0,Piccola Classic,IPT(TSM)-D,,,8,,,Single,,,,,,,,,30,Agitating,10,Diluent - Starch:99.90%;Lubricant - Magnesium Stearate:0.10%
1336134000,2025-06-02T11:34:35.134,0,0,872,0,0,0,3,0,0,3,0,0,0,0,0,0,Piccola Classic,IPT(TSM)-D,,,8,,,Single,,,,,,,,,30,Agitating,10,Diluent - Starch:99.90%;Lubricant - Magnesium Stearate:0.10%
1336136000,2025-06-02T11:34:35.136,0,0,712,0,0,0,3,0,0,3,0,0,0,0,0,0,Piccola Classic,IPT(TSM)-D,,,8,,,Single,,,,,,,,,30,Agitating,10,Diluent - Starch:99.90%;Lubricant - Magnesium Stearate:0.10%
1336138000,2025-06-02T11:34:35.138,0,0,785,0,0,0,3,0,0,3,0,0,0,0,0,0,Piccola Classic,IPT(TSM)-D,,,8,,,Single,,,,,,,,,30,Agitating,10,Diluent - Starch:99.90%;Lubricant - Magnesium Stearate:0.10%
1336140000,2025-06-02T11:34:35.140,0,0,889,0,0,0,3,0,0,3,0,0,0,0,0,0,Piccola Classic,IPT(TSM)-D,,,8,,,Single,,,,,,,,,30,Agitating,10,Diluent - Starch:99.90%;Lubricant - Magnesium Stearate:0.10%
1336142000,2025-06-02T11:34:35.142,0,0,902,0,0,0,3,0,0,3,0,0,0,0,0,0,Piccola Classic,IPT(TSM)-D,,,8,,,Single,,,,,,,,,30,Agitating,10,Diluent - Starch:99.90%;Lubricant - Magnesium Stearate:0.10%
1336144000,2025-06-02T11:34:35.144,0,0,725,0,0,0,3,0,0,3,0,0,0,0,0,0,Piccola Classic,IPT(TSM)-D,,,8,,,Single,,,,,,,,,30,Agitating,10,Diluent - Starch:99.90%;Lubricant - Magnesium Stearate:0.10%
1336146000,2025-06-02T11:34:35.146,0,0,643,0,0,0,3,0,0,3,0,0,0,0,0,0,Piccola Classic,IPT(TSM)-D,,,8,,,Single,,,,,,,,,30,Agitating,10,Diluent - Starch:99.90%;Lubricant - Magnesium Stearate:0.10%
1336148000,2025-06-02T11:34:35.148,0,0,751,0,0,0,3,0,0,3,0,0,0,0,0,0,Piccola Classic,IPT(TSM)-D,,,8,,,Single,,,,,,,,,30,Agitating,10,Diluent - Starch:99.90%;Lubricant - Magnesium Stearate:0.10%
1336150000,2025-06-02T11:34:35.150,0,0,630,0,0,0,3,0,0,3,0,0,0,0,0,0,Piccola Classic,IPT(TSM)-D,,,8,,,Single,,,,,,,,,30,Agitating,10,Diluent - Starch:99.90%;Lubricant - Magnesium Stearate:0.10%
1336152000,2025-06-02T11:34:35.152,0,0,783,0,0,0,3,0,0,3,0,0,0,0,0,0,Piccola Classic,IPT(TSM)-D,,,8,,,Single,,,,,,,,,30,Agitating,10,Diluent - Starch:99.90%;Lubricant - Magnesium Stearate:0.10%
1336154000,2025-06-02T11:34:35.154,0,0,830,0,0,0,3,0,0,3,0,0,0,0,0,0,Piccola Classic,IPT(TSM)-D,,,8,,,Single,,,,,,,,,30,Agitating,10,Diluent - Starch:99.90%;Lubricant - Magnesium Stearate:0.10%
1336156000,2025-06-02T11:34:35.156,0,0,634,0,0,0,3,0,0,3,0,0,0,0,0,0,Piccola Classic,IPT(TSM)-D,,,8,,,Single,,,,,,,,,30,Agitating,10,Diluent - Starch:99.90%;Lubricant - Magnesium Stearate:0.10%
1336158000,2025-06-02T11:34:35.158,0,0,669,0,0,0,3,0,0,3,0,0,0,0,0,0,Piccola Classic,IPT(TSM)-D,,,8,,,Single,,,,,,,,,30,Agitating,10,Diluent - Starch:99.90%;Lubricant - Magnesium Stearate:0.10%
1336160000,2025-06-02T11:34:35.160,0,0,852,0,0,0,3,0,0,3,0,0,0,0,0,0,Piccola Classic,IPT(TSM)-D,,,8,,,Single,,,,,,,,,30,Agitating,10,Diluent - Starch:99.90%;Lubricant - Magnesium Stearate:0.10%
1336162000,2025-06-02T11:34:35.162,0,0,636,0,0,0,3,0,0,3,0,0,0,0,0,0,Piccola Classic,IPT(TSM)-D,,,8,,,Single,,,,,,,,,30,Agitating,10,Diluent - Starch:99.90%;Lubricant - Magnesium Stearate:0.10%
1336164000,2025-06-02T11:34:35.164,0,0,772,0,0,0,3,0,0,3,0,0,0,0,0,0,Piccola Classic,IPT(TSM)-D,,,8,,,Single,,,,,,,,,30,Agitating,10,Diluent - Starch:99.90%;Lubricant - Magnesium Stearate:0.10%
1336166000,2025-06-02T11:34:35.166,0,0,725,0,0,0,3,0,0,3,0,0,0,0,0,0,Piccola Classic,IPT(TSM)-D,,,8,,,Single,,,,,,,,,30,Agitating,10,Diluent - Starch:99.90%;Lubricant - Magnesium Stearate:0.10%
1336168000,2025-06-02T11:34:35.168,0,0,672,0,0,0,3,0,0,3,0,0,0,0,0,0,Piccola Classic,IPT(TSM)-D,,,8,,,Single,,,,,,,,,30,Agitating,10,Diluent - Starch:99.90%;Lubricant - Magnesium Stearate:0.10%
1336170000,2025-06-02T11:34:35.170,0,0,799,0,0,0,3,0,0,3,0,0,0,0,0,0,Piccola Classic,IPT(TSM)-D,,,8,,,Single,,,,,,,,,30,Agitating,10,Diluent - Starch:99.90%;Lubricant - Magnesium Stearate:0.10%
1336172000,2025-06-02T11:34:35.172,0,0,804,0,0,0,3,0,0,3,0,0,0,0,0,0,Piccola Classic,IPT(TSM)-D,,,8,,,Single,,,,,,,,,30,Agitating,10,Diluent - Starch:99.90%;Lubricant - Magnesium Stearate:0.10%
1336174000,2025-06-02T11:34:35.174,0,0,742,0,0,0,3,0,0,3,0,0,0,0,0,0,Piccola Classic,IPT(TSM)-D,,,8,,,Single,,,,,,,,,30,Agitating,10,Diluent - Starch:99.90%;Lubricant - Magnesium Stearate:0.10%
1336176000,2025-06-02T11:34:35.176,0,0,758,0,0,0,3,0,0,3,0,0,0,0,0,0,Piccola Classic,IPT(TSM)-D,,,8,,,Single,,,,,,,,,30,Agitating,10,Diluent - Starch:99.90%;Lubricant - Magnesium Stearate:0.10%
1336178000,2025-06-02T11:34:35.178,0,0,751,0,0,0,3,0,0,3,0,0,0,0,0,0,Piccola Classic,IPT(TSM)-D,,,8,,,Single,,,,,,,,,30,Agitating,10,Diluent - Starch:99.90%;Lubricant - Magnesium Stearate:0.10%
1336180000,2025-06-02T11:34:35.180,0,0,862,0,0,0,3,0,0,3,0,0,0,0,0,0,Piccola Classic,IPT(TSM)-D,,,8,,,Single,,,,,,,,,30,Agitating,10,Diluent - Starch:99.90%;Lubricant - Magnesium Stearate:0.10%
1336182000,2025-06-02T11:34:35.182,0,0,846,0,0,0,3,0,0,3,0,0,0,0,0,0,Piccola Classic,IPT(TSM)-D,,,8,,,Single,,,,,,,,,30,Agitating,10,Diluent - Starch:99.90%;Lubricant - Magnesium Stearate:0.10%
1336184000,2025-06-02T11:34:35.184,0,0,894,0,0,0,3,0,0,3,0,0,0,0,0,0,Piccola Classic,IPT(TSM)-D,,,8,,,Single,,,,,,,,,30,Agitating,10,Diluent - Starch:99.90%;Lubricant - Magnesium Stearate:0.10%
1336186000,2025-06-02T11:34:35.186,0,0,834,0,0,0,3,0,0,3,0,0,0,0,0,0,Piccola Classic,IPT(TSM)-D,,,8,,,Single,,,,,,,,,30,Agitating,10,Diluent - Starch:99.90%;Lubricant - Magnesium Stearate:0.10%
1336188000,2025-06-02T11:34:35.188,0,0,863,0,0,0,3,0,0,3,0,0,0,0,0,0,Piccola Classic,IPT(TSM)-D,,,8,,,Single,,,,,,,,,30,Agitating,10,Diluent - Starch:99.90%;Lubricant - Magnesium Stearate:0.10%
1336190000,2025-06-02T11:34:35.190,0,0,751,0,0,0,3,0,0,3,0,0,0,0,0,0,Piccola Classic,IPT(TSM)-D,,,8,,,Single,,,,,,,,,30,Agitating,10,Diluent - Starch:99.90%;Lubricant - Magnesium Stearate:0.10%
1336192000,2025-06-02T11:34:35.192,0,0,679,0,0,0,3,0,0,3,0,0,0,0,0,0,Piccola Classic,IPT(TSM)-D,,,8,,,Single,,,,,,,,,30,Agitating,10,Diluent - Starch:99.90%;Lubricant - Magnesium Stearate:0.10%
1336194000,2025-06-02T11:34:35.194,0,0,817,0,0,0,3,0,0,3,0,0,0,0,0,0,Piccola Classic,IPT(TSM)-D,,,8,,,Single,,,,,,,,,30,Agitating,10,Diluent - Starch:99.90%;Lubricant - Magnesium Stearate:0.10%
1336196000,2025-06-02T11:34:35.196,0,0,704,0,0,0,3,0,0,3,0,0,0,0,0,0,Piccola Classic,IPT(TSM)-D,,,8,,,Single,,,,,,,,,30,Agitating,10,Diluent - Starch:99.90%;Lubricant - Magnesium Stearate:0.10%
1336198000,2025-06-02T11:34:35.198,0,0,660,0,0,0,3,0,0,3,0,0,0,0,0,0,Piccola Classic,IPT(TSM)-D,,,8,,,Single,,,,,,,,,30,Agitating,10,Diluent - Starch:99.90%;Lubricant - Magnesium Stearate:0.10%
1336200000,2025-06-02T11:34:35.200,0,0,533,225,0,0,0,5,0,3,0,0,0,0,0,0,Piccola Classic,IPT(TSM)-D,,,8,,,Single,,,,,,,,,30,Agitating,10,Diluent - Starch:99.90%;Lubricant - Magnesium Stearate:0.10%
1336202000,2025-06-02T11:34:35.202,0,0,572,243,0,0,0,5,0,3,0,0,0,0,0,0,Piccola Classic,IPT(TSM)-D,,,8,,,Single,,,,,,,,,30,Agitating,10,Diluent - Starch:99.90%;Lubricant - Magnesium Stearate:0.10%
1336204000,2025-06-02T11:34:35.204,0,0,583,219,0,0,0,5,0,3,0,0,0,0,0,0,Piccola Classic,IPT(TSM)-D,,,8,,,Single,,,,,,,,,30,Agitating,10,Diluent - Starch:99.90%;Lubricant - Magnesium Stearate:0.10%
1336206000,2025-06-02T11:34:35.206,0,0,510,211,0,0,0,5,0,3,0,0,0,0,0,0,Piccola Classic,IPT(TSM)-D,,,8,,,Single,,,,,,,,,30,Agitating,10,Diluent - Starch:99.90%;Lubricant - Magnesium Stearate:0.10%
1336208000,2025-06-02T11:34:35.208,0,0,556,217,0,0,0,5,0,3,0,0,0,0,0,0,Piccola Classic,IPT(TSM)-D,,,8,,,Single,,,,,,,,,30,Agitating,10,Diluent - Starch:99.90%;Lubricant - Magnesium Stearate:0.10%
1336210000,2025-06-02T11:34:35.210,0,0,520,213,0,0,0,5,0,3,0,0,0,0,0,0,Piccola Classic,IPT(TSM)-D,,,8,,,Single,,,,,,,,,30,Agitating,10,Diluent - Starch:99.90%;Lubricant - Magnesium Stearate:0.10%
1336212000,2025-06-02T11:34:35.212,0,0,545,216,0,0,0,5,0,3,0,0,0,0,0,0,Piccola Classic,IPT(TSM)-D,,,8,,,Single,,,,,,,,,30,Agitating,10,Diluent - Starch:99.90%;Lubricant - Magnesium Stearate:0.10%
1336214000,2025-06-02T11:34:35.214,0,0,571,220,0,0,0,5,0,3,0,0,0,0,0,0,Piccola Classic,IPT(TSM)-D,,,8,,,Single,,,,,,,,,30,Agitating,10,Diluent - Starch:99.90%;Lubricant - Magnesium Stearate:0.10%
1336216000,2025-06-02T11:34:35.216,0,0,539,222,0,0,0,5,0,3,0,0,0,0,0,0,Piccola Classic,IPT(TSM)-D,,,8,,,Single,,,,,,,,,30,Agitating,10,Diluent - Starch:99.90%;Lubricant - Magnesium Stearate:0.10%
1336218000,2025-06-02T11:34:35.218,0,0,529,243,0,0,0,5,0,3,0,0,0,0,0,0,Piccola Classic,IPT(TSM)-D,,,8,,,Single,,,,,,,,,30,Agitating,10,Diluent - Starch:99.90%;Lubricant - Magnesium Stearate:0.10%
1336220000,2025-06-02T11:34:35.220,0,0,513,209,0,0,0,5,0,3,0,0,0,0,0,0,Piccola Classic,IPT(TSM)-D,,,8,,,Single,,,,,,,,,30,Agitating,10,Diluent - Starch:99.90%;Lubricant - Magnesium Stearate:0.10%
1336222000,2025-06-02T11:34:35.222,0,0,509,241,0,0,0,5,0,3,0,0,0,0,0,0,Piccola Classic,IPT(TSM)-D,,,8,,,Single,,,,,,,,,30,Agitating,10,Diluent - Starch:99.90%;Lubricant - Magnesium Stearate:0.10%
1336224000,2025-06-02T11:34:35.224,0,0,576,246,0,0,0,5,0,3,0,0,0,0,0,0,Piccola Classic,IPT(TSM)-D,,,8,,,Single,,,,,,,,,30,Agitating,10,Diluent - Starch:99.90%;Lubricant - Magnesium Stearate:0.10%
1336226000,2025-06-02T11:34:35.226,0,0,538,239,0,0,0,5,0,3,0,0,0,0,0,0,Piccola Classic,IPT(TSM)-D,,,8,,,Single,,,,,,,,,30,Agitating,10,Diluent - Starch:99.90%;Lubricant - Magnesium Stearate:0.10%
1336228000,2025-06-02T11:34:35.228,0,0,548,208,0,0,0,5,0,3,0,0,0,0,0,0,Piccola Classic,IPT(TSM)-D,,,8,,,Single,,,,,,,,,30,Agitating,10,Diluent - Starch:99.90%;Lubricant - Magnesium Stearate:0.10%
1336230000,2025-06-02T11:34:35.230,0,0,539,235,0,0,0,5,0,3,0,0,0,0,0,0,Piccola Classic,IPT(TSM)-D,,,8,,,Single,,,,,,,,,30,Agitating,10,Diluent - Starch:99.90%;Lubricant - Magnesium Stearate:0.10%
1336232000,2025-06-02T11:34:35.232,0,0,524,219,0,0,0,5,0,3,0,0,0,0,0,0,Piccola Classic,IPT(TSM)-D,,,8,,,Single,,,,,,,,,30,Agitating,10,Diluent - Starch:99.90%;Lubricant - Magnesium Stearate:0.10%
1336234000,2025-06-02T11:34:35.234,0,0,561,243,0,0,0,5,0,3,0,0,0,0,0,0,Piccola Classic,IPT(TSM)-D,,,8,,,Single,,,,,,,,,30,Agitating,10,Diluent - Starch:99.90%;Lubricant - Magnesium Stearate:0.10%
1336236000,2025-06-02T11:34:35.236,0,0,535,223,0,0,0,5,0,3,0,0,0,0,0,0,Piccola Classic,IPT(TSM)-D,,,8,,,Single,,,,,,,,,30,Agitating,10,Diluent - Starch:99.90%;Lubricant - Magnesium Stearate:0.10%
1336238000,2025-06-02T11:34:35.238,0,0,568,218,0,0,0,5,0,3,0,0,0,0,0,0,Piccola Classic,IPT(TSM)-D,,,8,,,Single,,,,,,,,,30,Agitating,10,Diluent - Starch:99.90%;Lubricant - Magnesium Stearate:0.10%
1336240000,2025-06-02T11:34:35.240,0,0,570,215,0,0,0,5,0,3,0,0,0,0,0,0,Piccola Classic,IPT(TSM)-D,,,8,,,Single,,,,,,,,,30,Agitating,10,Diluent - Starch:99.90%;Lubricant - Magnesium Stearate:0.10%
1336242000,2025-06-02T11:34:35.242,0,0,540,205,0,0,0,5,0,3,0,0,0,0,0,0,Piccola Classic,IPT(TSM)-D,,,8,,,Single,,,,,,,,,30,Agitating,10,Diluent - Starch:99.90%;Lubricant - Magnesium Stearate:0.10%
1336244000,2025-06-02T11:34:35.244,0,0,552,210,0,0,0,5,0,3,0,0,0,0,0,0,Piccola Classic,IPT(TSM)-D,,,8,,,Single,,,,,,,,,30,Agitating,10,Diluent - Starch:99.90%;Lubricant - Magnesium Stearate:0.10%
1336246000,2025-06-02T11:34:35.246,0,0,582,220,0,0,0,5,0,3,0,0,0,0,0,0,Piccola Classic,IPT(TSM)-D,,,8,,,Single,,,,,,,,,30,Agitating,10,Diluent - Starch:99.90%;Lubricant - Magnesium Stearate:0.10%
1336248000,2025-06-02T11:34:35.248,0,0,544,221,0,0,0,5,0,3,0,0,0,0,0,0,Piccola Classic,IPT(TSM)-D,,,8,,,Single,,,,,,,,,30,Agitating,10,Diluent - Starch:99.90%;Lubricant - Magnesium Stearate:0.10%
1336250000,2025-06-02T11:34:35.250,0,0,549,223,0,0,0,5,0,3,0,0,0,0,0,0,Piccola Classic,IPT(TSM)-D,,,8,,,Single,,,,,,,,,30,Agitating,10,Diluent - Starch:99.90%;Lubricant - Magnesium Stearate:0.10%
1336252000,2025-06-02T11:34:35.252,0,0,540,232,0,0,0,5,0,3,0,0,0,0,0,0,Piccola Classic,IPT(TSM)-D,,,8,,,Single,,,,,,,,,30,Agitating,10,Diluent - Starch:99.90%;Lubricant - Magnesium Stearate:0.10%
1336254000,2025-06-02T11:34:35.254,0,0,594,220,0,0,0,5,0,3,0,0,0,0,0,0,Piccola Classic,IPT(TSM)-D,,,8,,,Single,,,,,,,,,30,Agitating,10,Diluent - Starch:99.90%;Lubricant - Magnesium Stearate:0.10%
1336256000,2025-06-02T11:34:35.256,0,0,509,207,0,0,0,5,0,3,0,0,0,0,0,0,Piccola Classic,IPT(TSM)-D,,,8,,,Single,,,,,,,,,30,Agitating,10,Diluent - Starch:99.90%;Lubricant - Magnesium Stearate:0.10%
1336258000,2025-06-02T11:34:35.258,0,0,565,200,0,0,0,5,0,3,0,0,0,0,0,0,Piccola Classic,IPT(TSM)-D,,,8,,,Single,,,,,,,,,30,Agitating,10,Diluent - Starch:99.90%;Lubricant - Magnesium Stearate:0.10%
1336260000,2025-06-02T11:34:35.260,90,0,554,0,5,0,0,0,0,3,0,0,0,0,0,0,Piccola Classic,IPT(TSM)-D,,,8,,,Single,,,,,,,,,30,Agitating,10,Diluent - Starch:99.90%;Lubricant - Magnesium Stearate:0.10%
1336262000,2025-06-02T11:34:35.262,107,0,546,0,5,0,0,0,0,3,0,0,0,0,0,0,Piccola Classic,IPT(TSM)-D,,,8,,,Single,,,,,,,,,30,Agitating,10,Diluent - Starch:99.90%;Lubricant - Magnesium Stearate:0.10%
1336264000,2025-06-02T11:34:35.264,100,0,517,0,5,0,0,0,0,3,0,0,0,0,0,0,Piccola Classic,IPT(TSM)-D,,,8,,,Single,,,,,,,,,30,Agitating,10,Diluent - Starch:99.90%;Lubricant - Magnesium Stearate:0.10%
1336266000,2025-06-02T11:34:35.266,84,0,520,0,5,0,0,0,0,3,0,0,0,0,0,0,Piccola Classic,IPT(TSM)-D,,,8,,,Single,,,,,,,,,30,Agitating,10,Diluent - Starch:99.90%;Lubricant - Magnesium Stearate:0.10%
1336268000,2025-06-02T11:34:35.268,93,0,516,0,5,0,0,0,0,3,0,0,0,0,0,0,Piccola Classic,IPT(TSM)-D,,,8,,,Single,,,,,,,,,30,Agitating,10,Diluent - Starch:99.90%;Lubricant - Magnesium Stearate:0.10%
1336270000,2025-06-02T11:34:35.270,88,0,560,0,5,0,0,0,0,3,0,0,0,0,0,0,Piccola Classic,IPT(TSM)-D,,,8,,,Single,,,,,,,,,30,Agitating,10,Diluent - Starch:99.90%;Lubricant - Magnesium Stearate:0.10%
1336272000,2025-06-02T11:34:35.272,105,0,591,0,5,0,0,0,0,3,0,0,0,0,0,0,Piccola Classic,IPT(TSM)-D,,,8,,,Single,,,,,,,,,30,Agitating,10,Diluent - Starch:99.90%;Lubricant - Magnesium Stearate:0.10%
1336274000,2025-06-02T11:34:35.274,99,0,574,0,5,0,0,0,0,3,0,0,0,0,0,0,Piccola Classic,IPT(TSM)-D,,,8,,,Single,,,,,,,,,30,Agitating,10,Diluent - Starch:99.90%;Lubricant - Magnesium Stearate:0.10%
1336276000,2025-06-02T11:34:35.276,106,0,571,0,5,0,0,0,0,3,0,0,0,0,0,0,Piccola Classic,IPT(TSM)-D,,,8,,,Single,,,,,,,,,30,Agitating,10,Diluent - Starch:99.90%;Lubricant - Magnesium Stearate:0.10%
1336278000,2025-06-02T11:34:35.278,120,0,590,0,5,0,0,0,0,3,0,0,0,0,0,0,Piccola Classic,IPT(TSM)-D,,,8,,,Single,,,,,,,,,30,Agitating,10,Diluent - Starch:99.90%;Lubricant - Magnesium Stearate:0.10%
1336280000,2025-06-02T11:34:35.280,124,0,565,0,5,0,0,0,0,3,0,0,0,0,0,0,Piccola Classic,IPT(TSM)-D,,,8,,,Single,,,,,,,,,30,Agitating,10,Diluent - Starch:99.90%;Lubricant - Magnesium Stearate:0.10%
1336282000,2025-06-02T11:34:35.282,107,0,513,0,5,0,0,0,0,3,0,0,0,0,0,0,Piccola Classic,IPT(TSM)-D,,,8,,,Single,,,,,,,,,30,Agitating,10,Diluent - Starch:99.90%;Lubricant - Magnesium Stearate:0.10%
1336284000,2025-06-02T11:34:35.284,93,0,568,0,5,0,0,0,0,3,0,0,0,0,0,0,Piccola Classic,IPT(TSM)-D,,,8,,,Single,,,,,,,,,30,Agitating,10,Diluent - Starch:99.90%;Lubricant - Magnesium Stearate:0.10%
1336286000,2025-06-02T11:34:35.286,86,0,540,0,5,0,0,0,0,3,0,0,0,0,0,0,Piccola Classic,IPT(TSM)-D,,,8,,,Single,,,,,,,,,30,Agitating,10,Diluent - Starch:99.90%;Lubricant - Magnesium Stearate:0.10%
1336288000,2025-06-02T11:34:35.288,89,0,581,0,5,0,0,0,0,3,0,0,0,0,0,0,Piccola Classic,IPT(TSM)-D,,,8,,,Single,,,,,,,,,30,Agitating,10,Diluent - Starch:99.90%;Lubricant - Magnesium Stearate:0.10%
1336290000,2025-06-02T11:34:35.290,107,0,532,0,5,0,0,0,0,3,0,0,0,0,0,0,Piccola Classic,IPT(TSM)-D,,,8,,,Single,,,,,,,,,30,Agitating,10,Diluent - Starch:99.90%;Lubricant - Magnesium Stearate:0.10%
1336292000,2025-06-02T11:34:35.292,94,0,540,0,5,0,0,0,0,3,0,0,0,0,0,0,Piccola Classic,IPT(TSM)-D,,,8,,,Single,,,,,,,,,30,Agitating,10,Diluent - Starch:99.90%;Lubricant - Magnesium Stearate:0.10%
1336294000,2025-06-02T11:34:35.294,114,0,514,0,5,0,0,0,0,3,0,0,0,0,0,0,Piccola Classic,IPT(TSM)-D,,,8,,,Single,,,,,,,,,30,Agitating,10,Diluent - Starch:99.90%;Lubricant - Magnesium Stearate:0.10%
1336296000,2025-06-02T11:34:35.296,92,0,552,0,5,0,0,0,0,3,0,0,0,0,0,0,Piccola Classic,IPT(TSM)-D,,,8,,,Single,,,,,,,,,30,Agitating,10,Diluent - Starch:99.90%;Lubricant - Magnesium Stearate:0.10%
1336298000,2025-06-02T11:34:35.298,109,0,537,0,5,0,0,0,0,3,0,0,0,0,0,0,Piccola Classic,IPT(TSM)-D,,,8,,,Single,,,,,,,,,30,Agitating,10,Diluent - Starch:99.90%;Lubricant - Magnesium Stearate:0.10%
1336300000,2025-06-02T11:34:35.300,118,0,575,0,5,0,0,0,0,3,0,0,0,0,0,0,Piccola Classic,IPT(TSM)-D,,,8,,,Single,,,,,,,,,30,Agitating,10,Diluent - Starch:99.90%;Lubricant - Magnesium Stearate:0.10%
1336302000,2025-06-02T11:34:35.302,111,0,537,0,5,0,0,0,0,3,0,0,0,0,0,0,Piccola Classic,IPT(TSM)-D,,,8,,,Single,,,,,,,,,30,Agitating,10,Diluent - Starch:99.90%;Lubricant - Magnesium Stearate:0.10%
1336304000,2025-06-02T11:34:35.304,110,0,596,0,5,0,0,0,0,3,0,0,0,0,0,0,Piccola Classic,IPT(TSM)-D,,,8,,,Single,,,,,,,,,30,Agitating,10,Diluent - Starch:99.90%;Lubricant - Magnesium Stearate:0.10%
1336306000,2025-06-02T11:34:35.306,110,0,530,0,5,0,0,0,0,3,0,0,0,0,0,0,Piccola Classic,IPT(TSM)-D,,,8,,,Single,,,,,,,,,30,Agitating,10,Diluent - Starch:99.90%;Lubricant - Magnesium Stearate:0.10%
1336308000,2025-06-02T11:34:35.308,97,0,598,0,5,0,0,0,0,3,0,0,0,0,0,0,Piccola Classic,IPT(TSM)-D,,,8,,,Single,,,,,,,,,30,Agitating,10,Diluent - Starch:99.90%;Lubricant - Magnesium Stearate:0.10%
1336310000,2025-06-02T11:34:35.310,119,0,560,0,5,0,0,0,0,3,0,0,0,0,0,0,Piccola Classic,IPT(TSM)-D,,,8,,,Single,,,,,,,,,30,Agitating,10,Diluent - Starch:99.90%;Lubricant - Magnesium Stearate:0.10%
1336312000,2025-06-02T11:34:35.312,96,0,528,0,5,0,0,0,0,3,0,0,0,0,0,0,Piccola Classic,IPT(TSM)-D,,,8,,,Single,,,,,,,,,30,Agitating,10,Diluent - Starch:99.90%;Lubricant - Magnesium Stearate:0.10%
1336314000,2025-06-02T11:34:35.314,106,0,523,0,5,0,0,0,0,3,0,0,0,0,0,0,Piccola Classic,IPT(TSM)-D,,,8,,,Single,,,,,,,,,30,Agitating,10,Diluent - Starch:99.90%;Lubricant - Magnesium Stearate:0.10%
1336316000,2025-06-02T11:34:35.316,110,0,583,0,5,0,0,0,0,3,0,0,0,0,0,0,Piccola Classic,IPT(TSM)-D,,,8,,,Single,,,,,,,,,30,Agitating,10,Diluent - Starch:99.90%;Lubricant - Magnesium Stearate:0.10%
1336318000,2025-06-02T11:34:35.318,95,0,564,0,5,0,0,0,0,3,0,0,0,0,0,0,Piccola Classic,IPT(TSM)-D,,,8,,,Single,,,,,,,,,30,Agitating,10,Diluent - Starch:99.90%;Lubricant - Magnesium Stearate:0.10%
1336320000,2025-06-02T11:34:35.320,107,0,523,0,5,0,0,0,0,3,0,0,0,0,0,0,Piccola Classic,IPT(TSM)-D,,,8,,,Single,,,,,,,,,30,Agitating,10,Diluent - Starch:99.90%;Lubricant - Magnesium Stearate:0.10%
1336322000,2025-06-02T11:34:35.322,108,0,589,0,5,0,0,0,0,3,0,0,0,0,0,0,Piccola Classic,IPT(TSM)-D,,,8,,,Single,,,,,,,,,30,Agitating,10,Diluent - Starch:99.90%;Lubricant - Magnesium Stearate:0.10%
1336324000,2025-06-02T11:34:35.324,99,0,526,0,5,0,0,0,0,3,0,0,0,0,0,0,Piccola Classic,IPT(TSM)-D,,,8,,,Single,,,,,,,,,30,Agitating,10,Diluent - Starch:99.90%;Lubricant - Magnesium Stearate:0.10%
1336326000,2025-06-02T11:34:35.326,108,0,519,0,5,0,0,0,0,3,0,0,0,0,0,0,Piccola Classic,IPT(TSM)-D,,,8,,,Single,,,,,,,,,30,Agitating,10,Diluent - Starch:99.90%;Lubricant - Magnesium Stearate:0.10%
1336328000,2025-06-02T11:34:35.328,99,0,541,0,5,0,0,0,0,3,0,0,0,0,0,0,Piccola Classic,IPT(TSM)-D,,,8,,,Single,,,,,,,,,30,Agitating,10,Diluent - Starch:99.90%;Lubricant - Magnesium Stearate:0.10%
1336330000,2025-06-02T11:34:35.330,110,0,526,0,5,0,0,0,0,3,0,0,0,0,0,0,Piccola Classic,IPT(TSM)-D,,,8,,,Single,,,,,,,,,30,Agitating,10,Diluent - Starch:99.90%;Lubricant - Magnesium Stearate:0.10%
1336332000,2025-06-02T11:34:35.332,99,0,571,0,5,0,0,0,0,3,0,0,0,0,0,0,Piccola Classic,IPT(TSM)-D,,,8,,,Single,,,,,,,,,30,Agitating,10,Diluent - Starch:99.90%;Lubricant - Magnesium Stearate:0.10%
1336334000,2025-06-02T11:34:35.334,100,0,576,0,5,0,0,0,0,3,0,0,0,0,0,0,Piccola Classic,IPT(TSM)-D,,,8,,,Single,,,,,,,,,30,Agitating,10,Diluent - Starch:99.90%;Lubricant - Magnesium Stearate:0.10%
1336336000,2025-06-02T11:34:35.336,103,0,594,0,5,0,0,0,0,3,0,0,0,0,0,0,Piccola Classic,IPT(TSM)-D,,,8,,,Single,,,,,,,,,30,Agitating,10,Diluent - Starch:99.90%;Lubricant - Magnesium Stearate:0.10%
1336338000,2025-06-02T11:34:35.338,103,0,524,0,5,0,0,0,0,3,0,0,0,0,0,0,Piccola Classic,IPT(TSM)-D,,,8,,,Single,,,,,,,,,30,Agitating,10,Diluent - Starch:99.90%;Lubricant - Magnesium Stearate:0.10%
1336340000,2025-06-02T11:34:35.340,0,23,563,0,0,5,0,0,0,3,0,0,0,0,0,0,Piccola Classic,IPT(TSM)-D,,,8,,,Single,,,,,,,,,30,Agitating,10,Diluent - Starch:99.90%;Lubricant - Magnesium Stearate:0.10%
1336342000,2025-06-02T11:34:35.342,0,60,594,0,0,5,0,0,0,3,0,0,0,0,0,0,Piccola Classic,IPT(TSM)-D,,,8,,,Single,,,,,,,,,30,Agitating,10,Diluent - Starch:99.90%;Lubricant - Magnesium Stearate:0.10%
1336344000,2025-06-02T11:34:35.344,0,33,514,0,0,5,0,0,0,3,0,0,0,0,0,0,Piccola Classic,IPT(TSM)-D,,,8,,,Single,,,,,,,,,30,Agitating,10,Diluent - Starch:99.90%;Lubricant - Magnesium Stearate:0.10%
1336346000,2025-06-02T11:34:35.346,0,33,516,0,0,5,0,0,0,3,0,0,0,0,0,0,Piccola Classic,IPT(TSM)-D,,,8,,,Single,,,,,,,,,30,Agitating,10,Diluent - Starch:99.90%;Lubricant - Magnesium Stearate:0.10%
1336348000,2025-06-02T11:34:35.348,0,39,530,0,0,5,0,0,0,3,0,0,0,0,0,0,Piccola Classic,IPT(TSM)-D,,,8,,,Single,,,,,,,,,30,Agitating,10,Diluent - Starch:99.90%;Lubricant - Magnesium Stearate:0.10%
1336350000,2025-06-02T11:34:35.350,0,36,510,0,0,5,0,0,0,3,0,0,0,0,0,0,Piccola Classic,IPT(TSM)-D,,,8,,,Single,,,,,,,,,30,Agitating,10,Diluent - Starch:99.90%;Lubricant - Magnesium Stearate:0.10%
1336352000,2025-06-02T11:34:35.352,0,27,524,0,0,5,0,0,0,3,0,0,0,0,0,0,Piccola Classic,IPT(TSM)-D,,,8,,,Single,,,,,,,,,30,Agitating,10,Diluent - Starch:99.90%;Lubricant - Magnesium Stearate:0.10%
1336354000,2025-06-02T11:34:35.354,0,40,514,0,0,5,0,0,0,3,0,0,0,0,0,0,Piccola Classic,IPT(TSM)-D,,,8,,,Single,,,,,,,,,30,Agitating,10,Diluent - Starch:99.90%;Lubricant - Magnesium Stearate:0.10%
1336356000,2025-06-02T11:34:35.356,0,29,521,0,0,5,0,0,0,3,0,0,0,0,0,0,Piccola Classic,IPT(TSM)-D,,,8,,,Single,,,,,,,,,30,Agitating,10,Diluent - Starch:99.90%;Lubricant - Magnesium Stearate:0.10%
1336358000,2025-06-02T11:34:35.358,0,40,597,0,0,5,0,0,0,3,0,0,0,0,0,0,Piccola Classic,IPT(TSM)-D,,,8,,,Single,,,,,,,,,30,Agitating,10,Diluent - Starch:99.90%;Lubricant - Magnesium Stearate:0.10%
1336360000,2025-06-02T11:34:35.360,0,37,530,0,0,5,0,0,0,3,0,0,0,0,0,0,Piccola Classic,IPT(TSM)-D,,,8,,,Single,,,,,,,,,30,Agitating,10,Diluent - Starch:99.90%;Lubricant - Magnesium Stearate:0.10%
1336362000,2025-06-02T11:34:35.362,0,44,522,0,0,5,0,0,0,3,0,0,0,0,0,0,Piccola Classic,IPT(TSM)-D,,,8,,,Single,,,,,,,,,30,Agitating,10,Diluent - Starch:99.90%;Lubricant - Magnesium Stearate:0.10%
1336364000,2025-06-02T11:34:35.364,0,35,593,0,0,5,0,0,0,3,0,0,0,0,0,0,Piccola Classic,IPT(TSM)-D,,,8,,,Single,,,,,,,,,30,Agitating,10,Diluent - Starch:99.90%;Lubricant - Magnesium Stearate:0.10%
1336366000,2025-06-02T11:34:35.366,0,34,584,0,0,5,0,0,0,3,0,0,0,0,0,0,Piccola Classic,IPT(TSM)-D,,,8,,,Single,,,,,,,,,30,Agitating,10,Diluent - Starch:99.90%;Lubricant - Magnesium Stearate:0.10%
1336368000,2025-06-02T11:34:35.368,0,25,581,0,0,5,0,0,0,3,0,0,0,0,0,0,Piccola Classic,IPT(TSM)-D,,,8,,,Single,,,,,,,,,30,Agitating,10,Diluent - Starch:99.90%;Lubricant - Magnesium Stearate:0.10%
1336370000,2025-06-02T11:34:35.370,0,22,566,0,0,5,0,0,0,3,0,0,0,0,0,0,Piccola Classic,IPT(TSM)-D,,,8,,,Single,,,,,,,,,30,Agitating,10,Diluent - Starch:99.90%;Lubricant - Magnesium Stearate:0.10%
1336372000,2025-06-02T11:34:35.372,0,32,577,0,0,5,0,0,0,3,0,0,0,0,0,0,Piccola Classic,IPT(TSM)-D,,,8,,,Single,,,,,,,,,30,Agitating,10,Diluent - Starch:99.90%;Lubricant - Magnesium Stearate:0.10%
1336374000,2025-06-02T11:34:35.374,0,30,550,0,0,5,0,0,0,3,0,0,0,0,0,0,Piccola Classic,IPT(TSM)-D,,,8,,,Single,,,,,,,,,30,Agitating,10,Diluent - Starch:99.90%;Lubricant - Magnesium Stearate:0.10%
1336376000,2025-06-02T11:34:35.376,0,44,591,0,0,5,0,0,0,3,0,0,0,0,0,0,Piccola Classic,IPT(TSM)-D,,,8,,,Single,,,,,,,,,30,Agitating,10,Diluent - Starch:99.90%;Lubricant - Magnesium Stearate:0.10%
1336378000,2025-06-02T11:34:35.378,0,49,512,0,0,5,0,0,0,3,0,0,0,0,0,0,Piccola Classic,IPT(TSM)-D,,,8,,,Single,,,,,,,,,30,Agitating,10,Diluent - Starch:99.90%;Lubricant - Magnesium Stearate:0.10%
1336380000,2025-06-02T11:34:35.380,0,33,577,0,0,5,0,0,0,3,0,0,0,0,0,0,Piccola Classic,IPT(TSM)-D,,,8,,,Single,,,,,,,,,30,Agitating,10,Diluent - Starch:99.90%;Lubricant - Magnesium Stearate:0.10%
1336382000,2025-06-02T11:34:35.382,0,46,528,0,0,5,0,0,0,3,0,0,0,0,0,0,Piccola Classic,IPT(TSM)-D,,,8,,,Single,,,,,,,,,30,Agitating,10,Diluent - Starch:99.90%;Lubricant - Magnesium Stearate:0.10%
1336384000,2025-06-02T11:34:35.384,0,42,562,0,0,5,0,0,0,3,0,0,0,0,0,0,Piccola Classic,IPT(TSM)-D,,,8,,,Single,,,,,,,,,30,Agitating,10,Diluent - Starch:99.90%;Lubricant - Magnesium Stearate:0.10%
1336386000,2025-06-02T11:34:35.386,0,42,518,0,0,5,0,0,0,3,0,0,0,0,0,0,Piccola Classic,IPT(TSM)-D,,,8,,,Single,,,,,,,,,30,Agitating,10,Diluent - Starch:99.90%;Lubricant - Magnesium Stearate:0.10%
1336388000,2025-06-02T11:34:35.388,0,34,541,0,0,5,0,0,0,3,0,0,0,0,0,0,Piccola Classic,IPT(TSM)-D,,,8,,,Single,,,,,,,,,30,Agitating,10,Diluent - Starch:99.90%;Lubricant - Magnesium Stearate:0.10%
1336390000,2025-06-02T11:34:35.390,0,42,590,0,0,5,0,0,0,3,0,0,0,0,0,0,Piccola Classic,IPT(TSM)-D,,,8,,,Single,,,,,,,,,30,Agitating,10,Diluent - Starch:99.90%;Lubricant - Magnesium Stearate:0.10%
1336392000,2025-06-02T11:34:35.392,0,60,527,0,0,5,0,0,0,3,0,0,0,0,0,0,Piccola Classic,IPT(TSM)-D,,,8,,,Single,,,,,,,,,30,Agitating,10,Diluent - Starch:99.90%;Lubricant - Magnesium Stearate:0.10%
1336394000,2025-06-02T11:34:35.394,0,39,522,0,0,5,0,0,0,3,0,0,0,0,0,0,Piccola Classic,IPT(TSM)-D,,,8,,,Single,,,,,,,,,30,Agitating,10,Diluent - Starch:99.90%;Lubricant - Magnesium Stearate:0.10%
1336396000,2025-06-02T11:34:35.396,0,35,513,0,0,5,0,0,0,3,0,0,0,0,0,0,Piccola Classic,IPT(TSM)-D,,,8,,,Single,,,,,,,,,30,Agitating,10,Diluent - Starch:99.90%;Lubricant - Magnesium Stearate:0.10%
1336398000,2025-06-02T11:34:35.398,0,54,592,0,0,5,0,0,0,3,0,0,0,0,0,0,Piccola Classic,IPT(TSM)-D,,,8,,,Single,,,,,,,,,30,Agitating,10,Diluent - Starch:99.90%;Lubricant - Magnesium Stearate:0.10%
1336400000,2025-06-02T11:34:35.400,0,48,571,0,0,5,0,0,0,3,0,0,0,0,0,0,Piccola Classic,IPT(TSM)-D,,,8,,,Single,,,,,,,,,30,Agitating,10,Diluent - Starch:99.90%;Lubricant - Magnesium Stearate:0.10%
1336402000,2025-06-02T11:34:35.402,0,44,569,0,0,5,0,0,0,3,0,0,0,0,0,0,Piccola Classic,IPT(TSM)-D,,,8,,,Single,,,,,,,,,30,Agitating,10,Diluent - Starch:99.90%;Lubricant - Magnesium Stearate:0.10%
1336404000,2025-06-02T11:34:35.404,0,38,596,0,0,5,0,0,0,3,0,0,0,0,0,0,Piccola Classic,IPT(TSM)-D,,,8,,,Single,,,,,,,,,30,Agitating,10,Diluent - Starch:99.90%;Lubricant - Magnesium Stearate:0.10%
1336406000,2025-06-02T11:34:35.406,0,55,511,0,0,5,0,0,0,3,0,0,0,0,0,0,Piccola Classic,IPT(TSM)-D,,,8,,,Single,,,,,,,,,30,Agitating,10,Diluent - Starch:99.90%;Lubricant - Magnesium Stearate:0.10%
1336408000,2025-06-02T11:34:35.408,0,29,514,0,0,5,0,0,0,3,0,0,0,0,0,0,Piccola Classic,IPT(TSM)-D,,,8,,,Single,,,,,,,,,30,Agitating,10,Diluent - Starch:99.90%;Lubricant - Magnesium Stearate:0.10%
1336410000,2025-06-02T11:34:35.410,0,45,537,0,0,5,0,0,0,3,0,0,0,0,0,0,Piccola Classic,IPT(TSM)-D,,,8,,,Single,,,,,,,,,30,Agitating,10,Diluent - Starch:99.90%;Lubricant - Magnesium Stearate:0.10%
1336412000,2025-06-02T11:34:35.412,0,31,571,0,0,5,0,0,0,3,0,0,0,0,0,0,Piccola Classic,IPT(TSM)-D,,,8,,,Single,,,,,,,,,30,Agitating,10,Diluent - Starch:99.90%;Lubricant - Magnesium Stearate:0.10%
1336414000,2025-06-02T11:34:35.414,0,39,557,0,0,5,0,0,0,3,0,0,0,0,0,0,Piccola Classic,IPT(TSM)-D,,,8,,,Single,,,,,,,,,30,Agitating,10,Diluent - Starch:99.90%;Lubricant - Magnesium Stearate:0.10%
1336416000,2025-06-02T11:34:35.416,0,36,570,0,0,5,0,0,0,3,0,0,0,0,0,0,Piccola Classic,IPT(TSM)-D,,,8,,,Single,,,,,,,,,30,Agitating,10,Diluent - Starch:99.90%;Lubricant - Magnesium Stearate:0.10%
1336418000,2025-06-02T11:34:35.418,0,44,561,0,0,5,0,0,0,3,0,0,0,0,0,0,Piccola Classic,IPT(TSM)-D,,,8,,,Single,,,,,,,,,30,Agitating,10,Diluent - Starch:99.90%;Lubricant - Magnesium Stearate:0.10%
1336420000,2025-06-02T11:34:35.420,0,0,739,0,0,0,5,0,0,3,0,0,0,0,0,0,Piccola Classic,IPT(TSM)-D,,,8,,,Single,,,,,,,,,30,Agitating,10,Diluent - Starch:99.90%;Lubricant - Magnesium Stearate:0.10%
1336422000,2025-06-02T11:34:35.422,0,0,899,0,0,0,5,0,0,3,0,0,0,0,0,0,Piccola Classic,IPT(TSM)-D,,,8,,,Single,,,,,,,,,30,Agitating,10,Diluent - Starch:99.90%;Lubricant - Magnesium Stearate:0.10%
1336424000,2025-06-02T11:34:35.424,0,0,677,0,0,0,5,0,0,3,0,0,0,0,0,0,Piccola Classic,IPT(TSM)-D,,,8,,,Single,,,,,,,,,30,Agitating,10,Diluent - Starch:99.90%;Lubricant - Magnesium Stearate:0.10%
1336426000,2025-06-02T11:34:35.426,0,0,688,0,0,0,5,0,0,3,0,0,0,0,0,0,Piccola Classic,IPT(TSM)-D,,,8,,,Single,,,,,,,,,30,Agitating,10,Diluent - Starch:99.90%;Lubricant - Magnesium Stearate:0.10%
1336428000,2025-06-02T11:34:35.428,0,0,880,0,0,0,5,0,0,3,0,0,0,0,0,0,Piccola Classic,IPT(TSM)-D,,,8,,,Single,,,,,,,,,30,Agitating,10,Diluent - Starch:99.90%;Lubricant - Magnesium Stearate:0.10%
1336430000,2025-06-02T11:34:35.430,0,0,729,0,0,0,5,0,0,3,0,0,0,0,0,0,Piccola Classic,IPT(TSM)-D,,,8,,,Single,,,,,,,,,30,Agitating,10,Diluent - Starch:99.90%;Lubricant - Magnesium Stearate:0.10%
1336432000,2025-06-02T11:34:35.432,0,0,852,0,0,0,5,0,0,3,0,0,0,0,0,0,Piccola Classic,IPT(TSM)-D,,,8,,,Single,,,,,,,,,30,Agitating,10,Diluent - Starch:99.90%;Lubricant - Magnesium Stearate:0.10%
1336434000,2025-06-02T11:34:35.434,0,0,750,0,0,0,5,0,0,3,0,0,0,0,0,0,Piccola Classic,IPT(TSM)-D,,,8,,,Single,,,,,,,,,30,Agitating,10,Diluent - Starch:99.90%;Lubricant - Magnesium Stearate:0.10%
1336436000,2025-06-02T11:34:35.436,0,0,867,0,0,0,5,0,0,3,0,0,0,0,0,0,Piccola Classic,IPT(TSM)-D,,,8,,,Single,,,,,,,,,30,Agitating,10,Diluent - Starch:99.90%;Lubricant - Magnesium Stearate:0.10%
1336438000,2025-06-02T11:34:35.438,0,0,718,0,0,0,5,0,0,3,0,0,0,0,0,0,Piccola Classic,IPT(TSM)-D,,,8,,,Single,,,,,,,,,30,Agitating,10,Diluent - Starch:99.90%;Lubricant - Magnesium Stearate:0.10%
1336440000,2025-06-02T11:34:35.440,0,0,626,0,0,0,5,0,0,3,0,0,0,0,0,0,Piccola Classic,IPT(TSM)-D,,,8,,,Single,,,,,,,,,30,Agitating,10,Diluent - Starch:99.90%;Lubricant - Magnesium Stearate:0.10%
1336442000,2025-06-02T11:34:35.442,0,0,751,0,0,0,5,0,0,3,0,0,0,0,0,0,Piccola Classic,IPT(TSM)-D,,,8,,,Single,,,,,,,,,30,Agitating,10,Diluent - Starch:99.90%;Lubricant - Magnesium Stearate:0.10%
1336444000,2025-06-02T11:34:35.444,0,0,694,0,0,0,5,0,0,3,0,0,0,0,0,0,Piccola Classic,IPT(TSM)-D,,,8,,,Single,,,,,,,,,30,Agitating,10,Diluent - Starch:99.90%;Lubricant - Magnesium Stearate:0.10%
1336446000,2025-06-02T11:34:35.446,0,0,726,0,0,0,5,0,0,3,0,0,0,0,0,0,Piccola Classic,IPT(TSM)-D,,,8,,,Single,,,,,,,,,30,Agitating,10,Diluent - Starch:99.90%;Lubricant - Magnesium Stearate:0.10%
1336448000,2025-06-02T11:34:35.448,0,0,600,0,0,0,5,0,0,3,0,0,0,0,0,0,Piccola Classic,IPT(TSM)-D,,,8,,,Single,,,,,,,,,30,Agitating,10,Diluent - Starch:99.90%;Lubricant - Magnesium Stearate:0.10%
1336450000,2025-06-02T11:34:35.450,0,0,696,0,0,0,5,0,0,3,0,0,0,0,0,0,Piccola Classic,IPT(TSM)-D,,,8,,,Single,,,,,,,,,30,Agitating,10,Diluent - Starch:99.90%;Lubricant - Magnesium Stearate:0.10%
1336452000,2025-06-02T11:34:35.452,0,0,626,0,0,0,5,0,0,3,0,0,0,0,0,0,Piccola Classic,IPT(TSM)-D,,,8,,,Single,,,,,,,,,30,Agitating,10,Diluent - Starch:99.90%;Lubricant - Magnesium Stearate:0.10%
1336454000,2025-06-02T11:34:35.454,0,0,865,0,0,0,5,0,0,3,0,0,0,0,0,0,Piccola Classic,IPT(TSM)-D,,,8,,,Single,,,,,,,,,30,Agitating,10,Diluent - Starch:99.90%;Lubricant - Magnesium Stearate:0.10%
1336456000,2025-06-02T11:34:35.456,0,0,673,0,0,0,5,0,0,3,0,0,0,0,0,0,Piccola Classic,IPT(TSM)-D,,,8,,,Single,,,,,,,,,30,Agitating,10,Diluent - Starch:99.90%;Lubricant - Magnesium Stearate:0.10%
1336458000,2025-06-02T11:34:35.458,0,0,607,0,0,0,5,0,0,3,0,0,0,0,0,0,Piccola Classic,IPT(TSM)-D,,,8,,,Single,,,,,,,,,30,Agitating,10,Diluent - Starch:99.90%;Lubricant - Magnesium Stearate:0.10%
1336460000,2025-06-02T11:34:35.460,0,0,649,0,0,0,5,0,0,3,0,0,0,0,0,0,Piccola Classic,IPT(TSM)-D,,,8,,,Single,,,,,,,,,30,Agitating,10,Diluent - Starch:99.90%;Lubricant - Magnesium Stearate:0.10%
1336462000,2025-06-02T11:34:35.462,0,0,907,0,0,0,5,0,0,3,0,0,0,0,0,0,Piccola Classic,IPT(TSM)-D,,,8,,,Single,,,,,,,,,30,Agitating,10,Diluent - Starch:99.90%;Lubricant - Magnesium Stearate:0.10%
1336464000,2025-06-02T11:34:35.464,0,0,658,0,0,0,5,0,0,3,0,0,0,0,0,0,Piccola Classic,IPT(TSM)-D,,,8,,,Single,,,,,,,,,30,Agitating,10,Diluent - Starch:99.90%;Lubricant - Magnesium Stearate:0.10%
1336466000,2025-06-02T11:34:35.466,0,0,714,0,0,0,5,0,0,3,0,0,0,0,0,0,Piccola Classic,IPT(TSM)-D,,,8,,,Single,,,,,,,,,30,Agitating,10,Diluent - Starch:99.90%;Lubricant - Magnesium Stearate:0.10%
1336468000,2025-06-02T11:34:35.468,0,0,640,0,0,0,5,0,0,3,0,0,0,0,0,0,Piccola Classic,IPT(TSM)-D,,,8,,,Single,,,,,,,,,30,Agitating,10,Diluent - Starch:99.90%;Lubricant - Magnesium Stearate:0.10%
1336470000,2025-06-02T11:34:35.470,0,0,691,0,0,0,5,0,0,3,0,0,0,0,0,0,Piccola Classic,IPT(TSM)-D,,,8,,,Single,,,,,,,,,30,Agitating,10,Diluent - Starch:99.90%;Lubricant - Magnesium Stearate:0.10%
1336472000,2025-06-02T11:34:35.472,0,0,883,0,0,0,5,0,0,3,0,0,0,0,0,0,Piccola Classic,IPT(TSM)-D,,,8,,,Single,,,,,,,,,30,Agitating,10,Diluent - Starch:99.90%;Lubricant - Magnesium Stearate:0.10%
1336474000,2025-06-02T11:34:35.474,0,0,825,0,0,0,5,0,0,3,0,0,0,0,0,0,Piccola Classic,IPT(TSM)-D,,,8,,,Single,,,,,,,,,30,Agitating,10,Diluent - Starch:99.90%;Lubricant - Magnesium Stearate:0.10%
1336476000,2025-06-02T11:34:35.476,0,0,827,0,0,0,5,0,0,3,0,0,0,0,0,0,Piccola Classic,IPT(TSM)-D,,,8,,,Single,,,,,,,,,30,Agitating,10,Diluent - Starch:99.90%;Lubricant - Magnesium Stearate:0.10%
1336478000,2025-06-02T11:34:35.478,0,0,703,0,0,0,5,0,0,3,0,0,0,0,0,0,Piccola Classic,IPT(TSM)-D,,,8,,,Single,,,,,,,,,30,Agitating,10,Diluent - Starch:99.90%;Lubricant - Magnesium Stearate:0.10%
1336480000,2025-06-02T11:34:35.480,0,0,743,0,0,0,5,0,0,3,0,0,0,0,0,0,Piccola Classic,IPT(TSM)-D,,,8,,,Single,,,,,,,,,30,Agitating,10,Diluent - Starch:99.90%;Lubricant - Magnesium Stearate:0.10%
1336482000,2025-06-02T11:34:35.482,0,0,662,0,0,0,5,0,0,3,0,0,0,0,0,0,Piccola Classic,IPT(TSM)-D,,,8,,,Single,,,,,,,,,30,Agitating,10,Diluent - Starch:99.90%;Lubricant - Magnesium Stearate:0.10%
1336484000,2025-06-02T11:34:35.484,0,0,750,0,0,0,5,0,0,3,0,0,0,0,0,0,Piccola Classic,IPT(TSM)-D,,,8,,,Single,,,,,,,,,30,Agitating,10,Diluent - Starch:99.90%;Lubricant - Magnesium Stearate:0.10%
1336486000,2025-06-02T11:34:35.486,0,0,710,0,0,0,5,0,0,3,0,0,0,0,0,0,Piccola Classic,IPT(TSM)-D,,,8,,,Single,,,,,,,,,30,Agitating,10,Diluent - Starch:99.90%;Lubricant - Magnesium Stearate:0.10%
1336488000,2025-06-02T11:34:35.488,0,0,863,0,0,0,5,0,0,3,0,0,0,0,0,0,Piccola Classic,IPT(TSM)-D,,,8,,,Single,,,,,,,,,30,Agitating,10,Diluent - Starch:99.90%;Lubricant - Magnesium Stearate:0.10%
1336490000,2025-06-02T11:34:35.490,0,0,608,0,0,0,5,0,0,3,0,0,0,0,0,0,Piccola Classic,IPT(TSM)-D,,,8,,,Single,,,,,,,,,30,Agitating,10,Diluent - Starch:99.90%;Lubricant - Magnesium Stearate:0.10%
1336492000,2025-06-02T11:34:35.492,0,0,893,0,0,0,5,0,0,3,0,0,0,0,0,0,Piccola Classic,IPT(TSM)-D,,,8,,,Single,,,,,,,,,30,Agitating,10,Diluent - Starch:99.90%;Lubricant - Magnesium Stearate:0.10%
1336494000,2025-06-02T11:34:35.494,0,0,785,0,0,0,5,0,0,3,0,0,0,0,0,0,Piccola Classic,IPT(TSM)-D,,,8,,,Single,,,,,,,,,30,Agitating,10,Diluent - Starch:99.90%;Lubricant - Magnesium Stearate:0.10%
1336496000,2025-06-02T11:34:35.496,0,0,613,0,0,0,5,0,0,3,0,0,0,0,0,0,Piccola Classic,IPT(TSM)-D,,,8,,,Single,,,,,,,,,30,Agitating,10,Diluent - Starch:99.90%;Lubricant - Magnesium Stearate:0.10%
1336498000,2025-06-02T11:34:35.498,0,0,723,0,0,0,5,0,0,3,0,0,0,0,0,0,Piccola Classic,IPT(TSM)-D,,,8,,,Single,,,,,,,,,30,Agitating,10,Diluent - Starch:99.90%;Lubricant - Magnesium Stearate:0.10%
1336500000,2025-06-02T11:34:35.500,0,0,561,226,0,0,0,7,0,3,0,0,0,0,0,0,Piccola Classic,IPT(TSM)-D,,,8,,,Single,,,,,,,,,30,Agitating,10,Diluent - Starch:99.90%;Lubricant - Magnesium Stearate:0.10%
1336502000,2025-06-02T11:34:35.502,0,0,536,206,0,0,0,7,0,3,0,0,0,0,0,0,Piccola Classic,IPT(TSM)-D,,,8,,,Single,,,,,,,,,30,Agitating,10,Diluent - Starch:99.90%;Lubricant - Magnesium Stearate:0.10%
1336504000,2025-06-02T11:34:35.504,0,0,589,241,0,0,0,7,0,3,0,0,0,0,0,0,Piccola Classic,IPT(TSM)-D,,,8,,,Single,,,,,,,,,30,Agitating,10,Diluent - Starch:99.90%;Lubricant - Magnesium Stearate:0.10%
1336506000,2025-06-02T11:34:35.506,0,0,566,220,0,0,0,7,0,3,0,0,0,0,0,0,Piccola Classic,IPT(TSM)-D,,,8,,,Single,,,,,,,,,30,Agitating,10,Diluent - Starch:99.90%;Lubricant - Magnesium Stearate:0.10%
1336508000,2025-06-02T11:34:35.508,0,0,555,211,0,0,0,7,0,3,0,0,0,0,0,0,Piccola Classic,IPT(TSM)-D,,,8,,,Single,,,,,,,,,30,Agitating,10,Diluent - Starch:99.90%;Lubricant - Magnesium Stearate:0.10%
1336510000,2025-06-02T11:34:35.510,0,0,541,230,0,0,0,7,0,3,0,0,0,0,0,0,Piccola Classic,IPT(TSM)-D,,,8,,,Single,,,,,,,,,30,Agitating,10,Diluent - Starch:99.90%;Lubricant - Magnesium Stearate:0.10%
1336512000,2025-06-02T11:34:35.512,0,0,531,245,0,0,0,7,0,3,0,0,0,0,0,0,Piccola Classic,IPT(TSM)-D,,,8,,,Single,,,,,,,,,30,Agitating,10,Diluent - Starch:99.90%;Lubricant - Magnesium Stearate:0.10%
1336514000,2025-06-02T11:34:35.514,0,0,528,212,0,0,0,7,0,3,0,0,0,0,0,0,Piccola Classic,IPT(TSM)-D,,,8,,,Single,,,,,,,,,30,Agitating,10,Diluent - Starch:99.90%;Lubricant - Magnesium Stearate:0.10%
1336516000,2025-06-02T11:34:35.516,0,0,581,238,0,0,0,7,0,3,0,0,0,0,0,0,Piccola Classic,IPT(TSM)-D,,,8,,,Single,,,,,,,,,30,Agitating,10,Diluent - Starch:99.90%;Lubricant - Magnesium Stearate:0.10%
1336518000,2025-06-02T11:34:35.518,0,0,563,219,0,0,0,7,0,3,0,0,0,0,0,0,Piccola Classic,IPT(TSM)-D,,,8,,,Single,,,,,,,,,30,Agitating,10,Diluent - Starch:99.90%;Lubricant - Magnesium Stearate:0.10%
1336520000,2025-06-02T11:34:35.520,0,0,516,204,0,0,0,7,0,3,0,0,0,0,0,0,Piccola Classic,IPT(TSM)-D,,,8,,,Single,,,,,,,,,30,Agitating,10,Diluent - Starch:99.90%;Lubricant - Magnesium Stearate:0.10%
1336522000,2025-06-02T11:34:35.522,0,0,589,247,0,0,0,7,0,3,0,0,0,0,0,0,Piccola Classic,IPT(TSM)-D,,,8,,,Single,,,,,,,,,30,Agitating,10,Diluent - Starch:99.90%;Lubricant - Magnesium Stearate:0.10%
1336524000,2025-06-02T11:34:35.524,0,0,529,239,0,0,0,7,0,3,0,0,0,0,0,0,Piccola Classic,IPT(TSM)-D,,,8,,,Single,,,,,,,,,30,Agitating,10,Diluent - Starch:99.90%;Lubricant - Magnesium Stearate:0.10%
1336526000,2025-06-02T11:34:35.526,0,0,518,213,0,0,0,7,0,3,0,0,0,0,0,0,Piccola Classic,IPT(TSM)-D,,,8,,,Single,,,,,,,,,30,Agitating,10,Diluent - Starch:99.90%;Lubricant - Magnesium Stearate:0.10%
1336528000,2025-06-02T11:34:35.528,0,0,527,219,0,0,0,7,0,3,0,0,0,0,0,0,Piccola Classic,IPT(TSM)-D,,,8,,,Single,,,,,,,,,30,Agitating,10,Diluent - Starch:99.90%;Lubricant - Magnesium Stearate:0.10%
1336530000,2025-06-02T11:34:35.530,0,0,552,225,0,0,0,7,0,3,0,0,0,0,0,0,Piccola Classic,IPT(TSM)-D,,,8,,,Single,,,,,,,,,30,Agitating,10,Diluent - Starch:99.90%;Lubricant - Magnesium Stearate:0.10%
1336532000,2025-06-02T11:34:35.532,0,0,564,233,0,0,0,7,0,3,0,0,0,0,0,0,Piccola Classic,IPT(TSM)-D,,,8,,,Single,,,,,,,,,30,Agitating,10,Diluent - Starch:99.90%;Lubricant - Magnesium Stearate:0.10%
1336534000,2025-06-02T11:34:35.534,0,0,525,202,0,0,0,7,0,3,0,0,0,0,0,0,Piccola Classic,IPT(TSM)-D,,,8,,,Single,,,,,,,,,30,Agitating,10,Diluent - Starch:99.90%;Lubricant - Magnesium Stearate:0.10%
1336536000,2025-06-02T11:34:35.536,0,0,558,243,0,0,0,7,0,3,0,0,0,0,0,0,Piccola Classic,IPT(TSM)-D,,,8,,,Single,,,,,,,,,30,Agitating,10,Diluent - Starch:99.90%;Lubricant - Magnesium Stearate:0.10%
1336538000,2025-06-02T11:34:35.538,0,0,516,241,0,0,0,7,0,3,0,0,0,0,0,0,Piccola Classic,IPT(TSM)-D,,,8,,,Single,,,,,,,,,30,Agitating,10,Diluent - Starch:99.90%;Lubricant - Magnesium Stearate:0.10%
1336540000,2025-06-02T11:34:35.540,0,0,525,217,0,0,0,7,0,3,0,0,0,0,0,0,Piccola Classic,IPT(TSM)-D,,,8,,,Single,,,,,,,,,30,Agitating,10,Diluent - Starch:99.90%;Lubricant - Magnesium Stearate:0.10%
1336542000,2025-06-02T11:34:35.542,0,0,523,210,0,0,0,7,0,3,0,0,0,0,0,0,Piccola Classic,IPT(TSM)-D,,,8,,,Single,,,,,,,,,30,Agitating,10,Diluent - Starch:99.90%;Lubricant - Magnesium Stearate:0.10%
1336544000,2025-06-02T11:34:35.544,0,0,598,214,0,0,0,7,0,3,0,0,0,0,0,0,Piccola Classic,IPT(TSM)-D,,,8,,,Single,,,,,,,,,30,Agitating,10,Diluent - Starch:99.90%;Lubricant - Magnesium Stearate:0.10%
1336546000,2025-06-02T11:34:35.546,0,0,523,210,0,0,0,7,0,3,0,0,0,0,0,0,Piccola Classic,IPT(TSM)-D,,,8,,,Single,,,,,,,,,30,Agitating,10,Diluent - Starch:99.90%;Lubricant - Magnesium Stearate:0.10%
1336548000,2025-06-02T11:34:35.548,0,0,562,217,0,0,0,7,0,3,0,0,0,0,0,0,Piccola Classic,IPT(TSM)-D,,,8,,,Single,,,,,,,,,30,Agitating,10,Diluent - Starch:99.90%;Lubricant - Magnesium Stearate:0.10%
1336550000,2025-06-02T11:34:35.550,0,0,519,226,0,0,0,7,0,3,0,0,0,0,0,0,Piccola Classic,IPT(TSM)-D,,,8,,,Single,,,,,,,,,30,Agitating,10,Diluent - Starch:99.90%;Lubricant - Magnesium Stearate:0.10%
1336552000,2025-06-02T11:34:35.552,0,0,557,201,0,0,0,7,0,3,0,0,0,0,0,0,Piccola Classic,IPT(TSM)-D,,,8,,,Single,,,,,,,,,30,Agitating,10,Diluent - Starch:99.90%;Lubricant - Magnesium Stearate:0.10%
1336554000,2025-06-02T11:34:35.554,0,0,532,235,0,0,0,7,0,3,0,0,0,0,0,0,Piccola Classic,IPT(TSM)-D,,,8,,,Single,,,,,,,,,30,Agitating,10,Diluent - Starch:99.90%;Lubricant - Magnesium Stearate:0.10%
1336556000,2025-06-02T11:34:35.556,0,0,587,206,0,0,0,7,0,3,0,0,0,0,0,0,Piccola Classic,IPT(TSM)-D,,,8,,,Single,,,,,,,,,30,Agitating,10,Diluent - Starch:99.90%;Lubricant - Magnesium Stearate:0.10%
1336558000,2025-06-02T11:34:35.558,0,0,560,245,0,0,0,7,0,3,0,0,0,0,0,0,Piccola Classic,IPT(TSM)-D,,,8,,,Single,,,,,,,,,30,Agitating,10,Diluent - Starch:99.90%;Lubricant - Magnesium Stearate:0.10%
1336560000,2025-06-02T11:34:35.560,101,0,534,0,7,0,0,0,0,3,0,0,0,0,0,0,Piccola Classic,IPT(TSM)-D,,,8,,,Single,,,,,,,,,30,Agitating,10,Diluent - Starch:99.90%;Lubricant - Magnesium Stearate:0.10%
1336562000,2025-06-02T11:34:35.562,98,0,579,0,7,0,0,0,0,3,0,0,0,0,0,0,Piccola Classic,IPT(TSM)-D,,,8,,,Single,,,,,,,,,30,Agitating,10,Diluent - Starch:99.90%;Lubricant - Magnesium Stearate:0.10%
1336564000,2025-06-02T11:34:35.564,97,0,589,0,7,0,0,0,0,3,0,0,0,0,0,0,Piccola Classic,IPT(TSM)-D,,,8,,,Single,,,,,,,,,30,Agitating,10,Diluent - Starch:99.90%;Lubricant - Magnesium Stearate:0.10%
1336566000,2025-06-02T11:34:35.566,93,0,579,0,7,0,0,0,0,3,0,0,0,0,0,0,Piccola Classic,IPT(TSM)-D,,,8,,,Single,,,,,,,,,30,Agitating,10,Diluent - Starch:99.90%;Lubricant - Magnesium Stearate:0.10%
1336568000,2025-06-02T11:34:35.568,112,0,585,0,7,0,0,0,0,3,0,0,0,0,0,0,Piccola Classic,IPT(TSM)-D,,,8,,,Single,,,,,,,,,30,Agitating,10,Diluent - Starch:99.90%;Lubricant - Magnesium Stearate:0.10%
1336570000,2025-06-02T11:34:35.570,115,0,594,0,7,0,0,0,0,3,0,0,0,0,0,0,Piccola Classic,IPT(TSM)-D,,,8,,,Single,,,,,,,,,30,Agitating,10,Diluent - Starch:99.90%;Lubricant - Magnesium Stearate:0.10%
1336572000,2025-06-02T11:34:35.572,100,0,591,0,7,0,0,0,0,3,0,0,0,0,0,0,Piccola Classic,IPT(TSM)-D,,,8,,,Single,,,,,,,,,30,Agitating,10,Diluent - Starch:99.90%;Lubricant - Magnesium Stearate:0.10%
1336574000,2025-06-02T11:34:35.574,108,0,522,0,7,0,0,0,0,3,0,0,0,0,0,0,Piccola Classic,IPT(TSM)-D,,,8,,,Single,,,,,,,,,30,Agitating,10,Diluent - Starch:99.90%;Lubricant - Magnesium Stearate:0.10%
1336576000,2025-06-02T11:34:35.576,97,0,567,0,7,0,0,0,0,3,0,0,0,0,0,0,Piccola Classic,IPT(TSM)-D,,,8,,,Single,,,,,,,,,30,Agitating,10,Diluent - Starch:99.90%;Lubricant - Magnesium Stearate:0.10%
1336578000,2025-06-02T11:34:35.578,108,0,548,0,7,0,0,0,0,3,0,0,0,0,0,0,Piccola Classic,IPT(TSM)-D,,,8,,,Single,,,,,,,,,30,Agitating,10,Diluent - Starch:99.90%;Lubricant - Magnesium Stearate:0.10%
1336580000,2025-06-02T11:34:35.580,110,0,591,0,7,0,0,0,0,3,0,0,0,0,0,0,Piccola Classic,IPT(TSM)-D,,,8,,,Single,,,,,,,,,30,Agitating,10,Diluent - Starch:99.90%;Lubricant - Magnesium Stearate:0.10%
1336582000,2025-06-02T11:34:35.582,118,0,536,0,7,0,0,0,0,3,0,0,0,0,0,0,Piccola Classic,IPT(TSM)-D,,,8,,,Single,,,,,,,,,30,Agitating,10,Diluent - Starch:99.90%;Lubricant - Magnesium Stearate:0.10%
1336584000,2025-06-02T11:34:35.584,111,0,545,0,7,0,0,0,0,3,0,0,0,0,0,0,Piccola Classic,IPT(TSM)-D,,,8,,,Single,,,,,,,,,30,Agitating,10,Diluent - Starch:99.90%;Lubricant - Magnesium Stearate:0.10%
1336586000,2025-06-02T11:34:35.586,103,0,512,0,7,0,0,0,0,3,0,0,0,0,0,0,Piccola Classic,IPT(TSM)-D,,,8,,,Single,,,,,,,,,30,Agitating,10,Diluent - Starch:99.90%;Lubricant - Magnesium Stearate:0.10%
1336588000,2025-06-02T11:34:35.588,92,0,546,0,7,0,0,0,0,3,0,0,0,0,0,0,Piccola Classic,IPT(TSM)-D,,,8,,,Single,,,,,,,,,30,Agitating,10,Diluent - Starch:99.90%;Lubricant - Magnesium Stearate:0.10%
1336590000,2025-06-02T11:34:35.590,86,0,561,0,7,0,0,0,0,3,0,0,0,0,0,0,Piccola Classic,IPT(TSM)-D,,,8,,,Single,,,,,,,,,30,Agitating,10,Diluent - Starch:99.90%;Lubricant - Magnesium Stearate:0.10%
1336592000,2025-06-02T11:34:35.592,104,0,519,0,7,0,0,0,0,3,0,0,0,0,0,0,Piccola Classic,IPT(TSM)-D,,,8,,,Single,,,,,,,,,30,Agitating,10,Diluent - Starch:99.90%;Lubricant - Magnesium Stearate:0.10%
1336594000,2025-06-02T11:34:35.594,95,0,539,0,7,0,0,0,0,3,0,0,0,0,0,0,Piccola Classic,IPT(TSM)-D,,,8,,,Single,,,,,,,,,30,Agitating,10,Diluent - Starch:99.90%;Lubricant - Magnesium Stearate:0.10%
1336596000,2025-06-02T11:34:35.596,108,0,595,0,7,0,0,0,0,3,0,0,0,0,0,0,Piccola Classic,IPT(TSM)-D,,,8,,,Single,,,,,,,,,30,Agitating,10,Diluent - Starch:99.90%;Lubricant - Magnesium Stearate:0.10%
1336598000,2025-06-02T11:34:35.598,97,0,589,0,7,0,0,0,0,3,0,0,0,0,0,0,Piccola Classic,IPT(TSM)-D,,,8,,,Single,,,,,,,,,30,Agitating,10,Diluent - Starch:99.90%;Lubricant - Magnesium Stearate:0.10%
1336600000,2025-06-02T11:34:35.600,98,0,553,0,7,0,0,0,0,3,0,0,0,0,0,0,Piccola Classic,IPT(TSM)-D,,,8,,,Single,,,,,,,,,30,Agitating,10,Diluent - Starch:99.90%;Lubricant - Magnesium Stearate:0.10%
1336602000,2025-06-02T11:34:35.602,94,0,509,0,7,0,0,0,0,3,0,0,0,0,0,0,Piccola Classic,IPT(TSM)-D,,,8,,,Single,,,,,,,,,30,Agitating,10,Diluent - Starch:99.90%;Lubricant - Magnesium Stearate:0.10%
1336604000,2025-06-02T11:34:35.604,94,0,551,0,7,0,0,0,0,3,0,0,0,0,0,0,Piccola Classic,IPT(TSM)-D,,,8,,,Single,,,,,,,,,30,Agitating,10,Diluent - Starch:99.90%;Lubricant - Magnesium Stearate:0.10%
1336606000,2025-06-02T11:34:35.606,89,0,527,0,7,0,0,0,0,3,0,0,0,0,0,0,Piccola Classic,IPT(TSM)-D,,,8,,,Single,,,,,,,,,30,Agitating,10,Diluent - Starch:99.90%;Lubricant - Magnesium Stearate:0.10%
1336608000,2025-06-02T11:34:35.608,102,0,562,0,7,0,0,0,0,3,0,0,0,0,0,0,Piccola Classic,IPT(TSM)-D,,,8,,,Single,,,,,,,,,30,Agitating,10,Diluent - Starch:99.90%;Lubricant - Magnesium Stearate:0.10%
1336610000,2025-06-02T11:34:35.610,94,0,546,0,7,0,0,0,0,3,0,0,0,0,0,0,Piccola Classic,IPT(TSM)-D,,,8,,,Single,,,,,,,,,30,Agitating,10,Diluent - Starch:99.90%;Lubricant - Magnesium Stearate:0.10%
1336612000,2025-06-02T11:34:35.612,93,0,583,0,7,0,0,0,0,3,0,0,0,0,0,0,Piccola Classic,IPT(TSM)-D,,,8,,,Single,,,,,,,,,30,Agitating,10,Diluent - Starch:99.90%;Lubricant - Magnesium Stearate:0.10%
1336614000,2025-06-02T11:34:35.614,111,0,568,0,7,0,0,0,0,3,0,0,0,0,0,0,Piccola Classic,IPT(TSM)-D,,,8,,,Single,,,,,,,,,30,Agitating,10,Diluent - Starch:99.90%;Lubricant - Magnesium Stearate:0.10%
1336616000,2025-06-02T11:34:35.616,93,0,520,0,7,0,0,0,0,3,0,0,0,0,0,0,Piccola Classic,IPT(TSM)-D,,,8,,,Single,,,,,,,,,30,Agitating,10,Diluent - Starch:99.90%;Lubricant - Magnesium Stearate:0.10%
1336618000,2025-06-02T11:34:35.618,103,0,519,0,7,0,0,0,0,3,0,0,0,0,0,0,Piccola Classic,IPT(TSM)-D,,,8,,,Single,,,,,,,,,30,Agitating,10,Diluent - Starch:99.90%;Lubricant - Magnesium Stearate:0.10%
1336620000,2025-06-02T11:34:35.620,97,0,545,0,7,0,0,0,0,3,0,0,0,0,0,0,Piccola Classic,IPT(TSM)-D,,,8,,,Single,,,,,,,,,30,Agitating,10,Diluent - Starch:99.90%;Lubricant - Magnesium Stearate:0.10%
1336622000,2025-06-02T11:34:35.622,90,0,577,0,7,0,0,0,0,3,0,0,0,0,0,0,Piccola Classic,IPT(TSM)-D,,,8,,,Single,,,,,,,,,30,Agitating,10,Diluent - Starch:99.90%;Lubricant - Magnesium Stearate:0.10%
1336624000,2025-06-02T11:34:35.624,96,0,510,0,7,0,0,0,0,3,0,0,0,0,0,0,Piccola Classic,IPT(TSM)-D,,,8,,,Single,,,,,,,,,30,Agitating,10,Diluent - Starch:99.90%;Lubricant - Magnesium Stearate:0.10%
1336626000,2025-06-02T11:34:35.626,101,0,515,0,7,0,0,0,0,3,0,0,0,0,0,0,Piccola Classic,IPT(TSM)-D,,,8,,,Single,,,,,,,,,30,Agitating,10,Diluent - Starch:99.90%;Lubricant - Magnesium Stearate:0.10%
1336628000,2025-06-02T11:34:35.628,94,0,563,0,7,0,0,0,0,3,0,0,0,0,0,0,Piccola Classic,IPT(TSM)-D,,,8,,,Single,,,,,,,,,30,Agitating,10,Diluent - Starch:99.90%;Lubricant - Magnesium Stearate:0.10%
1336630000,2025-06-02T11:34:35.630,116,0,572,0,7,0,0,0,0,3,0,0,0,0,0,0,Piccola Classic,IPT(TSM)-D,,,8,,,Single,,,,,,,,,30,Agitating,10,Diluent - Starch:99.90%;Lubricant - Magnesium Stearate:0.10%
1336632000,2025-06-02T11:34:35.632,87,0,507,0,7,0,0,0,0,3,0,0,0,0,0,0,Piccola Classic,IPT(TSM)-D,,,8,,,Single,,,,,,,,,30,Agitating,10,Diluent - Starch:99.90%;Lubricant - Magnesium Stearate:0.10%
1336634000,2025-06-02T11:34:35.634,106,0,529,0,7,0,0,0,0,3,0,0,0,0,0,0,Piccola Classic,IPT(TSM)-D,,,8,,,Single,,,,,,,,,30,Agitating,10,Diluent - Starch:99.90%;Lubricant - Magnesium Stearate:0.10%
1336636000,2025-06-02T11:34:35.636,102,0,551,0,7,0,0,0,0,3,0,0,0,0,0,0,Piccola Classic,IPT(TSM)-D,,,8,,,Single,,,,,,,,,30,Agitating,10,Diluent - Starch:99.90%;Lubricant - Magnesium Stearate:0.10%
1336638000,2025-06-02T11:34:35.638,88,0,565,0,7,0,0,0,0,3,0,0,0,0,0,0,Piccola Classic,IPT(TSM)-D,,,8,,,Single,,,,,,,,,30,Agitating,10,Diluent - Starch:99.90%;Lubricant - Magnesium Stearate:0.10%
1336640000,2025-06-02T11:34:35.640,0,50,592,0,0,7,0,0,0,3,0,0,0,0,0,0,Piccola Classic,IPT(TSM)-D,,,8,,,Single,,,,,,,,,30,Agitating,10,Diluent - Starch:99.90%;Lubricant - Magnesium Stearate:0.10%
1336642000,2025-06-02T11:34:35.642,0,53,546,0,0,7,0,0,0,3,0,0,0,0,0,0,Piccola Classic,IPT(TSM)-D,,,8,,,Single,,,,,,,,,30,Agitating,10,Diluent - Starch:99.90%;Lubricant - Magnesium Stearate:0.10%
1336644000,2025-06-02T11:34:35.644,0,31,509,0,0,7,0,0,0,3,0,0,0,0,0,0,Piccola Classic,IPT(TSM)-D,,,8,,,Single,,,,,,,,,30,Agitating,10,Diluent - Starch:99.90%;Lubricant - Magnesium Stearate:0.10%
1336646000,2025-06-02T11:34:35.646,0,29,537,0,0,7,0,0,0,3,0,0,0,0,0,0,Piccola Classic,IPT(TSM)-D,,,8,,,Single,,,,,,,,,30,Agitating,10,Diluent - Starch:99.90%;Lubricant - Magnesium Stearate:0.10%
1336648000,2025-06-02T11:34:35.648,0,30,537,0,0,7,0,0,0,3,0,0,0,0,0,0,Piccola Classic,IPT(TSM)-D,,,8,,,Single,,,,,,,,,30,Agitating,10,Diluent - Starch:99.90%;Lubricant - Magnesium Stearate:0.10%
1336650000,2025-06-02T11:34:35.650,0,17,541,0,0,7,0,0,0,3,0,0,0,0,0,0,Piccola Classic,IPT(TSM)-D,,,8,,,Single,,,,,,,,,30,Agitating,10,Diluent - Starch:99.90%;Lubricant - Magnesium Stearate:0.10%
1336652000,2025-06-02T11:34:35.652,0,24,561,0,0,7,0,0,0,3,0,0,0,0,0,0,Piccola Classic,IPT(TSM)-D,,,8,,,Single,,,,,,,,,30,Agitating,10,Diluent - Starch:99.90%;Lubricant - Magnesium Stearate:0.10%
1336654000,2025-06-02T11:34:35.654,0,41,524,0,0,7,0,0,0,3,0,0,0,0,0,0,Piccola Classic,IPT(TSM)-D,,,8,,,Single,,,,,,,,,30,Agitating,10,Diluent - Starch:99.90%;Lubricant - Magnesium Stearate:0.10%
1336656000,2025-06-02T11:34:35.656,0,39,509,0,0,7,0,0,0,3,0,0,0,0,0,0,Piccola Classic,IPT(TSM)-D,,,8,,,Single,,,,,,,,,30,Agitating,10,Diluent - Starch:99.90%;Lubricant - Magnesium Stearate:0.10%
1336658000,2025-06-02T11:34:35.658,0,43,544,0,0,7,0,0,0,3,0,0,0,0,0,0,Piccola Classic,IPT(TSM)-D,,,8,,,Single,,,,,,,,,30,Agitating,10,Diluent - Starch:99.90%;Lubricant - Magnesium Stearate:0.10%
1336660000,2025-06-02T11:34:35.660,0,51,558,0,0,7,0,0,0,3,0,0,0,0,0,0,Piccola Classic,IPT(TSM)-D,,,8,,,Single,,,,,,,,,30,Agitating,10,Diluent - Starch:99.90%;Lubricant - Magnesium Stearate:0.10%
1336662000,2025-06-02T11:34:35.662,0,34,578,0,0,7,0,0,0,3,0,0,0,0,0,0,Piccola Classic,IPT(TSM)-D,,,8,,,Single,,,,,,,,,30,Agitating,10,Diluent - Starch:99.90%;Lubricant - Magnesium Stearate:0.10%
1336664000,2025-06-02T11:34:35.664,0,37,517,0,0,7,0,0,0,3,0,0,0,0,0,0,Piccola Classic,IPT(TSM)-D,,,8,,,Single,,,,,,,,,30,Agitating,10,Diluent - Starch:99.90%;Lubricant - Magnesium Stearate:0.10%
1336666000,2025-06-02T11:34:35.666,0,36,595,0,0,7,0,0,0,3,0,0,0,0,0,0,Piccola Classic,IPT(TSM)-D,,,8,,,Single,,,,,,,,,30,Agitating,10,Diluent - Starch:99.90%;Lubricant - Magnesium Stearate:0.10%
1336668000,2025-06-02T11:34:35.668,0,62,585,0,0,7,0,0,0,3,0,0,0,0,0,0,Piccola Classic,IPT(TSM)-D,,,8,,,Single,,,,,,,,,30,Agitating,10,Diluent - Starch:99.90%;Lubricant - Magnesium Stearate:0.10%
1336670000,2025-06-02T11:34:35.670,0,56,525,0,0,7,0,0,0,3,0,0,0,0,0,0,Piccola Classic,IPT(TSM)-D,,,8,,,Single,,,,,,,,,30,Agitating,10,Diluent - Starch:99.90%;Lubricant - Magnesium Stearate:0.10%
1336672000,2025-06-02T11:34:35.672,0,35,526,0,0,7,0,0,0,3,0,0,0,0,0,0,Piccola Classic,IPT(TSM)-D,,,8,,,Single,,,,,,,,,30,Agitating,10,Diluent - Starch:99.90%;Lubricant - Magnesium Stearate:0.10%
1336674000,2025-06-02T11:34:35.674,0,62,511,0,0,7,0,0,0,3,0,0,0,0,0,0,Piccola Classic,IPT(TSM)-D,,,8,,,Single,,,,,,,,,30,Agitating,10,Diluent - Starch:99.90%;Lubricant - Magnesium Stearate:0.10%
1336676000,2025-06-02T11:34:35.676,0,40,587,0,0,7,0,0,0,3,0,0,0,0,0,0,Piccola Classic,IPT(TSM)-D,,,8,,,Single,,,,,,,,,30,Agitating,10,Diluent - Starch:99.90%;Lubricant - Magnesium Stearate:0.10%
1336678000,2025-06-02T11:34:35.678,0,48,576,0,0,7,0,0,0,3,0,0,0,0,0,0,Piccola Classic,IPT(TSM)-D,,,8,,,Single,,,,,,,,,30,Agitating,10,Diluent - Starch:99.90%;Lubricant - Magnesium Stearate:0.10%
1336680000,2025-06-02T11:34:35.680,0,44,559,0,0,7,0,0,0,3,0,0,0,0,0,0,Piccola Classic,IPT(TSM)-D,,,8,,,Single,,,,,,,,,30,Agitating,10,Diluent - Starch:99.90%;Lubricant - Magnesium Stearate:0.10%
1336682000,2025-06-02T11:34:35.682,0,30,521,0,0,7,0,0,0,3,0,0,0,0,0,0,Piccola Classic,IPT(TSM)-D,,,8,,,Single,,,,,,,,,30,Agitating,10,Diluent - Starch:99.90%;Lubricant - Magnesium Stearate:0.10%
1336684000,2025-06-02T11:34:35.684,0,37,533,0,0,7,0,0,0,3,0,0,0,0,0,0,Piccola Classic,IPT(TSM)-D,,,8,,,Single,,,,,,,,,30,Agitating,10,Diluent - Starch:99.90%;Lubricant - Magnesium Stearate:0.10%
1336686000,2025-06-02T11:34:35.686,0,30,517,0,0,7,0,0,0,3,0,0,0,0,0,0,Piccola Classic,IPT(TSM)-D,,,8,,,Single,,,,,,,,,30,Agitating,10,Diluent - Starch:99.90%;Lubricant - Magnesium Stearate:0.10%
1336688000,2025-06-02T11:34:35.688,0,31,532,0,0,7,0,0,0,3,0,0,0,0,0,0,Piccola Classic,IPT(TSM)-D,,,8,,,Single,,,,,,,,,30,Agitating,10,Diluent - Starch:99.90%;Lubricant - Magnesium Stearate:0.10%
1336690000,2025-06-02T11:34:35.690,0,35,552,0,0,7,0,0,0,3,0,0,0,0,0,0,Piccola Classic,IPT(TSM)-D,,,8,,,Single,,,,,,,,,30,Agitating,10,Diluent - Starch:99.90%;Lubricant - Magnesium Stearate:0.10%
1336692000,2025-06-02T11:34:35.692,0,41,584,0,0,7,0,0,0,3,0,0,0,0,0,0,Piccola Classic,IPT(TSM)-D,,,8,,,Single,,,,,,,,,30,Agitating,10,Diluent - Starch:99.90%;Lubricant - Magnesium Stearate:0.10%
1336694000,2025-06-02T11:34:35.694,0,34,573,0,0,7,0,0,0,3,0,0,0,0,0,0,Piccola Classic,IPT(TSM)-D,,,8,,,Single,,,,,,,,,30,Agitating,10,Diluent - Starch:99.90%;Lubricant - Magnesium Stearate:0.10%
1336696000,2025-06-02T11:34:35.696,0,45,533,0,0,7,0,0,0,3,0,0,0,0,0,0,Piccola Classic,IPT(TSM)-D,,,8,,,Single,,,,,,,,,30,Agitating,10,Diluent - Starch:99.90%;Lubricant - Magnesium Stearate:0.10%
1336698000,2025-06-02T11:34:35.698,0,52,594,0,0,7,0,0,0,3,0,0,0,0,0,0,Piccola Classic,IPT(TSM)-D,,,8,,,Single,,,,,,,,,30,Agitating,10,Diluent - Starch:99.90%;Lubricant - Magnesium Stearate:0.10%
1336700000,2025-06-02T11:34:35.700,0,59,563,0,0,7,0,0,0,3,0,0,0,0,0,0,Piccola Classic,IPT(TSM)-D,,,8,,,Single,,,,,,,,,30,Agitating,10,Diluent - Starch:99.90%;Lubricant - Magnesium Stearate:0.10%
1336702000,2025-06-02T11:34:35.702,0,43,570,0,0,7,0,0,0,3,0,0,0,0,0,0,Piccola Classic,IPT(TSM)-D,,,8,,,Single,,,,,,,,,30,Agitating,10,Diluent - Starch:99.90%;Lubricant - Magnesium Stearate:0.10%
1336704000,2025-06-02T11:34:35.704,0,41,515,0,0,7,0,0,0,3,0,0,0,0,0,0,Piccola Classic,IPT(TSM)-D,,,8,,,Single,,,,,,,,,30,Agitating,10,Diluent - Starch:99.90%;Lubricant - Magnesium Stearate:0.10%
1336706000,2025-06-02T11:34:35.706,0,47,568,0,0,7,0,0,0,3,0,0,0,0,0,0,Piccola Classic,IPT(TSM)-D,,,8,,,Single,,,,,,,,,30,Agitating,10,Diluent - Starch:99.90%;Lubricant - Magnesium Stearate:0.10%
1336708000,2025-06-02T11:34:35.708,0,47,577,0,0,7,0,0,0,3,0,0,0,0,0,0,Piccola Classic,IPT(TSM)-D,,,8,,,Single,,,,,,,,,30,Agitating,10,Diluent - Starch:99.90%;Lubricant - Magnesium Stearate:0.10%
1336710000,2025-06-02T11:34:35.710,0,40,586,0,0,7,0,0,0,3,0,0,0,0,0,0,Piccola Classic,IPT(TSM)-D,,,8,,,Single,,,,,,,,,30,Agitating,10,Diluent - Starch:99.90%;Lubricant - Magnesium Stearate:0.10%
1336712000,2025-06-02T11:34:35.712,0,47,530,0,0,7,0,0,0,3,0,0,0,0,0,0,Piccola Classic,IPT(TSM)-D,,,8,,,Single,,,,,,,,,30,Agitating,10,Diluent - Starch:99.90%;Lubricant - Magnesium Stearate:0.10%
1336714000,2025-06-02T11:34:35.714,0,38,534,0,0,7,0,0,0,3,0,0,0,0,0,0,Piccola Classic,IPT(TSM)-D,,,8,,,Single,,,,,,,,,30,Agitating,10,Diluent - Starch:99.90%;Lubricant - Magnesium Stearate:0.10%
1336716000,2025-06-02T11:34:35.716,0,47,510,0,0,7,0,0,0,3,0,0,0,0,0,0,Piccola Classic,IPT(TSM)-D,,,8,,,Single,,,,,,,,,30,Agitating,10,Diluent - Starch:99.90%;Lubricant - Magnesium Stearate:0.10%
1336718000,2025-06-02T11:34:35.718,0,37,541,0,0,7,0,0,0,3,0,0,0,0,0,0,Piccola Classic,IPT(TSM)-D,,,8,,,Single,,,,,,,,,30,Agitating,10,Diluent - Starch:99.90%;Lubricant - Magnesium Stearate:0.10%
1336720000,2025-06-02T11:34:35.720,0,0,717,0,0,0,7,0,0,3,0,0,0,0,0,0,Piccola Classic,IPT(TSM)-D,,,8,,,Single,,,,,,,,,30,Agitating,10,Diluent - Starch:99.90%;Lubricant - Magnesium Stearate:0.10%
1336722000,2025-06-02T11:34:35.722,0,0,773,0,0,0,7,0,0,3,0,0,0,0,0,0,Piccola Classic,IPT(TSM)-D,,,8,,,Single,,,,,,,,,30,Agitating,10,Diluent - Starch:99.90%;Lubricant - Magnesium Stearate:0.10%
1336724000,2025-06-02T11:34:35.724,0,0,638,0,0,0,7,0,0,3,0,0,0,0,0,0,Piccola Classic,IPT(TSM)-D,,,8,,,Single,,,,,,,,,30,Agitating,10,Diluent - Starch:99.90%;Lubricant - Magnesium Stearate:0.10%
1336726000,2025-06-02T11:34:35.726,0,0,611,0,0,0,7,0,0,3,0,0,0,0,0,0,Piccola Classic,IPT(TSM)-D,,,8,,,Single,,,,,,,,,30,Agitating,10,Diluent - Starch:99.90%;Lubricant - Magnesium Stearate:0.10%
1336728000,2025-06-02T11:34:35.728,0,0,835,0,0,0,7,0,0,3,0,0,0,0,0,0,Piccola Classic,IPT(TSM)-D,,,8,,,Single,,,,,,,,,30,Agitating,10,Diluent - Starch:99.90%;Lubricant - Magnesium Stearate:0.10%
1336730000,2025-06-02T11:34:35.730,0,0,798,0,0,0,7,0,0,3,0,0,0,0,0,0,Piccola Classic,IPT(TSM)-D,,,8,,,Single,,,,,,,,,30,Agitating,10,Diluent - Starch:99.90%;Lubricant - Magnesium Stearate:0.10%
1336732000,2025-06-02T11:34:35.732,0,0,859,0,0,0,7,0,0,3,0,0,0,0,0,0,Piccola Classic,IPT(TSM)-D,,,8,,,Single,,,,,,,,,30,Agitating,10,Diluent - Starch:99.90%;Lubricant - Magnesium Stearate:0.10%
1336734000,2025-06-02T11:34:35.734,0,0,774,0,0,0,7,0,0,3,0,0,0,0,0,0,Piccola Classic,IPT(TSM)-D,,,8,,,Single,,,,,,,,,30,Agitating,10,Diluent - Starch:99.90%;Lubricant - Magnesium Stearate:0.10%
1336736000,2025-06-02T11:34:35.736,0,0,663,0,0,0,7,0,0,3,0,0,0,0,0,0,Piccola Classic,IPT(TSM)-D,,,8,,,Single,,,,,,,,,30,Agitating,10,Diluent - Starch:99.90%;Lubricant - Magnesium Stearate:0.10%
1336738000,2025-06-02T11:34:35.738,0,0,651,0,0,0,7,0,0,3,0,0,0,0,0,0,Piccola Classic,IPT(TSM)-D,,,8,,,Single,,,,,,,,,30,Agitating,10,Diluent - Starch:99.90%;Lubricant - Magnesium Stearate:0.10%
1336740000,2025-06-02T11:34:35.740,0,0,874,0,0,0,7,0,0,3,0,0,0,0,0,0,Piccola Classic,IPT(TSM)-D,,,8,,,Single,,,,,,,,,30,Agitating,10,Diluent - Starch:99.90%;Lubricant - Magnesium Stearate:0.10%
1336742000,2025-06-02T11:34:35.742,0,0,709,0,0,0,7,0,0,3,0,0,0,0,0,0,Piccola Classic,IPT(TSM)-D,,,8,,,Single,,,,,,,,,30,Agitating,10,Diluent - Starch:99.90%;Lubricant - Magnesium Stearate:0.10%
1336744000,2025-06-02T11:34:35.744,0,0,814,0,0,0,7,0,0,3,0,0,0,0,0,0,Piccola Classic,IPT(TSM)-D,,,8,,,Single,,,,,,,,,30,Agitating,10,Diluent - Starch:99.90%;Lubricant - Magnesium Stearate:0.10%
1336746000,2025-06-02T11:34:35.746,0,0,705,0,0,0,7,0,0,3,0,0,0,0,0,0,Piccola Classic,IPT(TSM)-D,,,8,,,Single,,,,,,,,,30,Agitating,10,Diluent - Starch:99.90%;Lubricant - Magnesium Stearate:0.10%
1336748000,2025-06-02T11:34:35.748,0,0,613,0,0,0,7,0,0,3,0,0,0,0,0,0,Piccola Classic,IPT(TSM)-D,,,8,,,Single,,,,,,,,,30,Agitating,10,Diluent - Starch:99.90%;Lubricant - Magnesium Stearate:0.10%
1336750000,2025-06-02T11:34:35.750,0,0,824,0,0,0,7,0,0,3,0,0,0,0,0,0,Piccola Classic,IPT(TSM)-D,,,8,,,Single,,,,,,,,,30,Agitating,10,Diluent - Starch:99.90%;Lubricant - Magnesium Stearate:0.10%
1336752000,2025-06-02T11:34:35.752,0,0,661,0,0,0,7,0,0,3,0,0,0,0,0,0,Piccola Classic,IPT(TSM)-D,,,8,,,Single,,,,,,,,,30,Agitating,10,Diluent - Starch:99.90%;Lubricant - Magnesium Stearate:0.10%
1336754000,2025-06-02T11:34:35.754,0,0,867,0,0,0,7,0,0,3,0,0,0,0,0,0,Piccola Classic,IPT(TSM)-D,,,8,,,Single,,,,,,,,,30,Agitating,10,Diluent - Starch:99.90%;Lubricant - Magnesium Stearate:0.10%
1336756000,2025-06-02T11:34:35.756,0,0,656,0,0,0,7,0,0,3,0,0,0,0,0,0,Piccola Classic,IPT(TSM)-D,,,8,,,Single,,,,,,,,,30,Agitating,10,Diluent - Starch:99.90%;Lubricant - Magnesium Stearate:0.10%
1336758000,2025-06-02T11:34:35.758,0,0,779,0,0,0,7,0,0,3,0,0,0,0,0,0,Piccola Classic,IPT(TSM)-D,,,8,,,Single,,,,,,,,,30,Agitating,10,Diluent - Starch:99.90%;Lubricant - Magnesium Stearate:0.10%
1336760000,2025-06-02T11:34:35.760,0,0,828,0,0,0,7,0,0,3,0,0,0,0,0,0,Piccola Classic,IPT(TSM)-D,,,8,,,Single,,,,,,,,,30,Agitating,10,Diluent - Starch:99.90%;Lubricant - Magnesium Stearate:0.10%
1336762000,2025-06-02T11:34:35.762,0,0,724,0,0,0,7,0,0,3,0,0,0,0,0,0,Piccola Classic,IPT(TSM)-D,,,8,,,Single,,,,,,,,,30,Agitating,10,Diluent - Starch:99.90%;Lubricant - Magnesium Stearate:0.10%
1336764000,2025-06-02T11:34:35.764,0,0,702,0,0,0,7,0,0,3,0,0,0,0,0,0,Piccola Classic,IPT(TSM)-D,,,8,,,Single,,,,,,,,,30,Agitating,10,Diluent - Starch:99.90%;Lubricant - Magnesium Stearate:0.10%
1336766000,2025-06-02T11:34:35.766,0,0,699,0,0,0,7,0,0,3,0,0,0,0,0,0,Piccola Classic,IPT(TSM)-D,,,8,,,Single,,,,,,,,,30,Agitating,10,Diluent - Starch:99.90%;Lubricant - Magnesium Stearate:0.10%
1336768000,2025-06-02T11:34:35.768,0,0,745,0,0,0,7,0,0,3,0,0,0,0,0,0,Piccola Classic,IPT(TSM)-D,,,8,,,Single,,,,,,,,,30,Agitating,10,Diluent - Starch:99.90%;Lubricant - Magnesium Stearate:0.10%
1336770000,2025-06-02T11:34:35.770,0,0,669,0,0,0,7,0,0,3,0,0,0,0,0,0,Piccola Classic,IPT(TSM)-D,,,8,,,Single,,,,,,,,,30,Agitating,10,Diluent - Starch:99.90%;Lubricant - Magnesium Stearate:0.10%
