timeStamp,actualTime(ms),compr1Data,compr2Data,ejectData,precompData,compr1PunchNo,compr2PunchNo,ejectPunchNo,precompPunchNo,Punch1-Sticking,Punch2-Sticking,Punch3-Sticking,Punch4-Sticking,Punch5-Sticking,Punch6-Sticking,Punch7-Sticking,Punch8-Sticking,PressName,PunchType,HeadFlatRadius,RimRadius,NumberOfStations,NumberOfSides,MaxTabletRate,Layers,MainCompRollerRadius1,MainCompRollerRadius2,MainCompRollerRadius3,TurretPitchCircleRadius,PreCompRollerRadius,AngleBetweenPreAndMain,AngleBetweenMainAndEject,EjectionAngle,TurretSpeed,FeederType,FeederSpeed,MaterialsInformation
469962000,2025-06-05T13:40:01.962,0,42,582,0,0,7,0,0,0,0,3,0,0,0,0,0,Piccola Classic,IPT(TSM)-D,,,8,,,Single,,,,,,,,,30,Agitating,10,Diluent - Starch:99.90%;Lubricant - Magnesium Stearate:0.10%
469964000,2025-06-05T13:40:01.964,0,47,529,0,0,7,0,0,0,0,3,0,0,0,0,0,Piccola Classic,IPT(TSM)-D,,,8,,,Single,,,,,,,,,30,Agitating,10,Diluent - Starch:99.90%;Lubricant - Magnesium Stearate:0.10%
469966000,2025-06-05T13:40:01.966,0,41,584,0,0,7,0,0,0,0,3,0,0,0,0,0,Piccola Classic,IPT(TSM)-D,,,8,,,Single,,,,,,,,,30,Agitating,10,Diluent - Starch:99.90%;Lubricant - Magnesium Stearate:0.10%
469968000,2025-06-05T13:40:01.968,0,24,521,0,0,7,0,0,0,0,3,0,0,0,0,0,Piccola Classic,IPT(TSM)-D,,,8,,,Single,,,,,,,,,30,Agitating,10,Diluent - Starch:99.90%;Lubricant - Magnesium Stearate:0.10%
469970000,2025-06-05T13:40:01.970,0,40,543,0,0,7,0,0,0,0,3,0,0,0,0,0,Piccola Classic,IPT(TSM)-D,,,8,,,Single,,,,,,,,,30,Agitating,10,Diluent - Starch:99.90%;Lubricant - Magnesium Stearate:0.10%
469972000,2025-06-05T13:40:01.972,0,49,566,0,0,7,0,0,0,0,3,0,0,0,0,0,Piccola Classic,IPT(TSM)-D,,,8,,,Single,,,,,,,,,30,Agitating,10,Diluent - Starch:99.90%;Lubricant - Magnesium Stearate:0.10%
469974000,2025-06-05T13:40:01.974,0,33,508,0,0,7,0,0,0,0,3,0,0,0,0,0,Piccola Classic,IPT(TSM)-D,,,8,,,Single,,,,,,,,,30,Agitating,10,Diluent - Starch:99.90%;Lubricant - Magnesium Stearate:0.10%
469976000,2025-06-05T13:40:01.976,0,44,564,0,0,7,0,0,0,0,3,0,0,0,0,0,Piccola Classic,IPT(TSM)-D,,,8,,,Single,,,,,,,,,30,Agitating,10,Diluent - Starch:99.90%;Lubricant - Magnesium Stearate:0.10%
469978000,2025-06-05T13:40:01.978,0,42,594,0,0,7,0,0,0,0,3,0,0,0,0,0,Piccola Classic,IPT(TSM)-D,,,8,,,Single,,,,,,,,,30,Agitating,10,Diluent - Starch:99.90%;Lubricant - Magnesium Stearate:0.10%
469980000,2025-06-05T13:40:01.980,0,45,529,0,0,7,0,0,0,0,3,0,0,0,0,0,Piccola Classic,IPT(TSM)-D,,,8,,,Single,,,,,,,,,30,Agitating,10,Diluent - Starch:99.90%;Lubricant - Magnesium Stearate:0.10%
469982000,2025-06-05T13:40:01.982,0,43,511,0,0,7,0,0,0,0,3,0,0,0,0,0,Piccola Classic,IPT(TSM)-D,,,8,,,Single,,,,,,,,,30,Agitating,10,Diluent - Starch:99.90%;Lubricant - Magnesium Stearate:0.10%
469984000,2025-06-05T13:40:01.984,0,58,597,0,0,7,0,0,0,0,3,0,0,0,0,0,Piccola Classic,IPT(TSM)-D,,,8,,,Single,,,,,,,,,30,Agitating,10,Diluent - Starch:99.90%;Lubricant - Magnesium Stearate:0.10%
469986000,2025-06-05T13:40:01.986,0,46,536,0,0,7,0,0,0,0,3,0,0,0,0,0,Piccola Classic,IPT(TSM)-D,,,8,,,Single,,,,,,,,,30,Agitating,10,Diluent - Starch:99.90%;Lubricant - Magnesium Stearate:0.10%
469988000,2025-06-05T13:40:01.988,0,32,554,0,0,7,0,0,0,0,3,0,0,0,0,0,Piccola Classic,IPT(TSM)-D,,,8,,,Single,,,,,,,,,30,Agitating,10,Diluent - Starch:99.90%;Lubricant - Magnesium Stearate:0.10%
469990000,2025-06-05T13:40:01.990,0,61,560,0,0,7,0,0,0,0,3,0,0,0,0,0,Piccola Classic,IPT(TSM)-D,,,8,,,Single,,,,,,,,,30,Agitating,10,Diluent - Starch:99.90%;Lubricant - Magnesium Stearate:0.10%
469992000,2025-06-05T13:40:01.992,0,41,591,0,0,7,0,0,0,0,3,0,0,0,0,0,Piccola Classic,IPT(TSM)-D,,,8,,,Single,,,,,,,,,30,Agitating,10,Diluent - Starch:99.90%;Lubricant - Magnesium Stearate:0.10%
469994000,2025-06-05T13:40:01.994,0,35,540,0,0,7,0,0,0,0,3,0,0,0,0,0,Piccola Classic,IPT(TSM)-D,,,8,,,Single,,,,,,,,,30,Agitating,10,Diluent - Starch:99.90%;Lubricant - Magnesium Stearate:0.10%
469996000,2025-06-05T13:40:01.996,0,36,589,0,0,7,0,0,0,0,3,0,0,0,0,0,Piccola Classic,IPT(TSM)-D,,,8,,,Single,,,,,,,,,30,Agitating,10,Diluent - Starch:99.90%;Lubricant - Magnesium Stearate:0.10%
469998000,2025-06-05T13:40:01.998,0,43,522,0,0,7,0,0,0,0,3,0,0,0,0,0,Piccola Classic,IPT(TSM)-D,,,8,,,Single,,,,,,,,,30,Agitating,10,Diluent - Starch:99.90%;Lubricant - Magnesium Stearate:0.10%
470000000,2025-06-05T13:40:02.000,0,40,562,0,0,5,0,0,0,0,3,0,0,0,0,0,Piccola Classic,IPT(TSM)-D,,,8,,,Single,,,,,,,,,30,Agitating,10,Diluent - Starch:99.90%;Lubricant - Magnesium Stearate:0.10%
470002000,2025-06-05T13:40:02.002,0,50,558,0,0,5,0,0,0,0,3,0,0,0,0,0,Piccola Classic,IPT(TSM)-D,,,8,,,Single,,,,,,,,,30,Agitating,10,Diluent - Starch:99.90%;Lubricant - Magnesium Stearate:0.10%
470004000,2025-06-05T13:40:02.004,0,28,535,0,0,5,0,0,0,0,3,0,0,0,0,0,Piccola Classic,IPT(TSM)-D,,,8,,,Single,,,,,,,,,30,Agitating,10,Diluent - Starch:99.90%;Lubricant - Magnesium Stearate:0.10%
470006000,2025-06-05T13:40:02.006,0,27,597,0,0,5,0,0,0,0,3,0,0,0,0,0,Piccola Classic,IPT(TSM)-D,,,8,,,Single,,,,,,,,,30,Agitating,10,Diluent - Starch:99.90%;Lubricant - Magnesium Stearate:0.10%
470008000,2025-06-05T13:40:02.008,0,18,578,0,0,5,0,0,0,0,3,0,0,0,0,0,Piccola Classic,IPT(TSM)-D,,,8,,,Single,,,,,,,,,30,Agitating,10,Diluent - Starch:99.90%;Lubricant - Magnesium Stearate:0.10%
470010000,2025-06-05T13:40:02.010,0,40,567,0,0,5,0,0,0,0,3,0,0,0,0,0,Piccola Classic,IPT(TSM)-D,,,8,,,Single,,,,,,,,,30,Agitating,10,Diluent - Starch:99.90%;Lubricant - Magnesium Stearate:0.10%
470012000,2025-06-05T13:40:02.012,0,25,519,0,0,5,0,0,0,0,3,0,0,0,0,0,Piccola Classic,IPT(TSM)-D,,,8,,,Single,,,,,,,,,30,Agitating,10,Diluent - Starch:99.90%;Lubricant - Magnesium Stearate:0.10%
470014000,2025-06-05T13:40:02.014,0,32,598,0,0,5,0,0,0,0,3,0,0,0,0,0,Piccola Classic,IPT(TSM)-D,,,8,,,Single,,,,,,,,,30,Agitating,10,Diluent - Starch:99.90%;Lubricant - Magnesium Stearate:0.10%
470016000,2025-06-05T13:40:02.016,0,43,536,0,0,5,0,0,0,0,3,0,0,0,0,0,Piccola Classic,IPT(TSM)-D,,,8,,,Single,,,,,,,,,30,Agitating,10,Diluent - Starch:99.90%;Lubricant - Magnesium Stearate:0.10%
470018000,2025-06-05T13:40:02.018,0,59,545,0,0,5,0,0,0,0,3,0,0,0,0,0,Piccola Classic,IPT(TSM)-D,,,8,,,Single,,,,,,,,,30,Agitating,10,Diluent - Starch:99.90%;Lubricant - Magnesium Stearate:0.10%
470020000,2025-06-05T13:40:02.020,0,0,628,0,0,0,5,0,0,0,3,0,0,0,0,0,Piccola Classic,IPT(TSM)-D,,,8,,,Single,,,,,,,,,30,Agitating,10,Diluent - Starch:99.90%;Lubricant - Magnesium Stearate:0.10%
470022000,2025-06-05T13:40:02.022,0,0,626,0,0,0,5,0,0,0,3,0,0,0,0,0,Piccola Classic,IPT(TSM)-D,,,8,,,Single,,,,,,,,,30,Agitating,10,Diluent - Starch:99.90%;Lubricant - Magnesium Stearate:0.10%
470024000,2025-06-05T13:40:02.024,0,0,723,0,0,0,5,0,0,0,3,0,0,0,0,0,Piccola Classic,IPT(TSM)-D,,,8,,,Single,,,,,,,,,30,Agitating,10,Diluent - Starch:99.90%;Lubricant - Magnesium Stearate:0.10%
470026000,2025-06-05T13:40:02.026,0,0,888,0,0,0,5,0,0,0,3,0,0,0,0,0,Piccola Classic,IPT(TSM)-D,,,8,,,Single,,,,,,,,,30,Agitating,10,Diluent - Starch:99.90%;Lubricant - Magnesium Stearate:0.10%
470028000,2025-06-05T13:40:02.028,0,0,792,0,0,0,5,0,0,0,3,0,0,0,0,0,Piccola Classic,IPT(TSM)-D,,,8,,,Single,,,,,,,,,30,Agitating,10,Diluent - Starch:99.90%;Lubricant - Magnesium Stearate:0.10%
470030000,2025-06-05T13:40:02.030,0,0,617,0,0,0,5,0,0,0,3,0,0,0,0,0,Piccola Classic,IPT(TSM)-D,,,8,,,Single,,,,,,,,,30,Agitating,10,Diluent - Starch:99.90%;Lubricant - Magnesium Stearate:0.10%
470032000,2025-06-05T13:40:02.032,0,0,628,0,0,0,5,0,0,0,3,0,0,0,0,0,Piccola Classic,IPT(TSM)-D,,,8,,,Single,,,,,,,,,30,Agitating,10,Diluent - Starch:99.90%;Lubricant - Magnesium Stearate:0.10%
470034000,2025-06-05T13:40:02.034,0,0,902,0,0,0,5,0,0,0,3,0,0,0,0,0,Piccola Classic,IPT(TSM)-D,,,8,,,Single,,,,,,,,,30,Agitating,10,Diluent - Starch:99.90%;Lubricant - Magnesium Stearate:0.10%
470036000,2025-06-05T13:40:02.036,0,0,862,0,0,0,5,0,0,0,3,0,0,0,0,0,Piccola Classic,IPT(TSM)-D,,,8,,,Single,,,,,,,,,30,Agitating,10,Diluent - Starch:99.90%;Lubricant - Magnesium Stearate:0.10%
470038000,2025-06-05T13:40:02.038,0,0,654,0,0,0,5,0,0,0,3,0,0,0,0,0,Piccola Classic,IPT(TSM)-D,,,8,,,Single,,,,,,,,,30,Agitating,10,Diluent - Starch:99.90%;Lubricant - Magnesium Stearate:0.10%
470040000,2025-06-05T13:40:02.040,0,0,664,0,0,0,5,0,0,0,3,0,0,0,0,0,Piccola Classic,IPT(TSM)-D,,,8,,,Single,,,,,,,,,30,Agitating,10,Diluent - Starch:99.90%;Lubricant - Magnesium Stearate:0.10%
470042000,2025-06-05T13:40:02.042,0,0,697,0,0,0,5,0,0,0,3,0,0,0,0,0,Piccola Classic,IPT(TSM)-D,,,8,,,Single,,,,,,,,,30,Agitating,10,Diluent - Starch:99.90%;Lubricant - Magnesium Stearate:0.10%
470044000,2025-06-05T13:40:02.044,0,0,826,0,0,0,5,0,0,0,3,0,0,0,0,0,Piccola Classic,IPT(TSM)-D,,,8,,,Single,,,,,,,,,30,Agitating,10,Diluent - Starch:99.90%;Lubricant - Magnesium Stearate:0.10%
470046000,2025-06-05T13:40:02.046,0,0,831,0,0,0,5,0,0,0,3,0,0,0,0,0,Piccola Classic,IPT(TSM)-D,,,8,,,Single,,,,,,,,,30,Agitating,10,Diluent - Starch:99.90%;Lubricant - Magnesium Stearate:0.10%
470048000,2025-06-05T13:40:02.048,0,0,767,0,0,0,5,0,0,0,3,0,0,0,0,0,Piccola Classic,IPT(TSM)-D,,,8,,,Single,,,,,,,,,30,Agitating,10,Diluent - Starch:99.90%;Lubricant - Magnesium Stearate:0.10%
470050000,2025-06-05T13:40:02.050,0,0,622,0,0,0,5,0,0,0,3,0,0,0,0,0,Piccola Classic,IPT(TSM)-D,,,8,,,Single,,,,,,,,,30,Agitating,10,Diluent - Starch:99.90%;Lubricant - Magnesium Stearate:0.10%
470052000,2025-06-05T13:40:02.052,0,0,713,0,0,0,5,0,0,0,3,0,0,0,0,0,Piccola Classic,IPT(TSM)-D,,,8,,,Single,,,,,,,,,30,Agitating,10,Diluent - Starch:99.90%;Lubricant - Magnesium Stearate:0.10%
470054000,2025-06-05T13:40:02.054,0,0,690,0,0,0,5,0,0,0,3,0,0,0,0,0,Piccola Classic,IPT(TSM)-D,,,8,,,Single,,,,,,,,,30,Agitating,10,Diluent - Starch:99.90%;Lubricant - Magnesium Stearate:0.10%
470056000,2025-06-05T13:40:02.056,0,0,738,0,0,0,5,0,0,0,3,0,0,0,0,0,Piccola Classic,IPT(TSM)-D,,,8,,,Single,,,,,,,,,30,Agitating,10,Diluent - Starch:99.90%;Lubricant - Magnesium Stearate:0.10%
470058000,2025-06-05T13:40:02.058,0,0,799,0,0,0,5,0,0,0,3,0,0,0,0,0,Piccola Classic,IPT(TSM)-D,,,8,,,Single,,,,,,,,,30,Agitating,10,Diluent - Starch:99.90%;Lubricant - Magnesium Stearate:0.10%
470060000,2025-06-05T13:40:02.060,0,0,858,0,0,0,5,0,0,0,3,0,0,0,0,0,Piccola Classic,IPT(TSM)-D,,,8,,,Single,,,,,,,,,30,Agitating,10,Diluent - Starch:99.90%;Lubricant - Magnesium Stearate:0.10%
470062000,2025-06-05T13:40:02.062,0,0,703,0,0,0,5,0,0,0,3,0,0,0,0,0,Piccola Classic,IPT(TSM)-D,,,8,,,Single,,,,,,,,,30,Agitating,10,Diluent - Starch:99.90%;Lubricant - Magnesium Stearate:0.10%
470064000,2025-06-05T13:40:02.064,0,0,817,0,0,0,5,0,0,0,3,0,0,0,0,0,Piccola Classic,IPT(TSM)-D,,,8,,,Single,,,,,,,,,30,Agitating,10,Diluent - Starch:99.90%;Lubricant - Magnesium Stearate:0.10%
470066000,2025-06-05T13:40:02.066,0,0,887,0,0,0,5,0,0,0,3,0,0,0,0,0,Piccola Classic,IPT(TSM)-D,,,8,,,Single,,,,,,,,,30,Agitating,10,Diluent - Starch:99.90%;Lubricant - Magnesium Stearate:0.10%
470068000,2025-06-05T13:40:02.068,0,0,671,0,0,0,5,0,0,0,3,0,0,0,0,0,Piccola Classic,IPT(TSM)-D,,,8,,,Single,,,,,,,,,30,Agitating,10,Diluent - Starch:99.90%;Lubricant - Magnesium Stearate:0.10%
470070000,2025-06-05T13:40:02.070,0,0,670,0,0,0,5,0,0,0,3,0,0,0,0,0,Piccola Classic,IPT(TSM)-D,,,8,,,Single,,,,,,,,,30,Agitating,10,Diluent - Starch:99.90%;Lubricant - Magnesium Stearate:0.10%
470072000,2025-06-05T13:40:02.072,0,0,743,0,0,0,5,0,0,0,3,0,0,0,0,0,Piccola Classic,IPT(TSM)-D,,,8,,,Single,,,,,,,,,30,Agitating,10,Diluent - Starch:99.90%;Lubricant - Magnesium Stearate:0.10%
470074000,2025-06-05T13:40:02.074,0,0,779,0,0,0,5,0,0,0,3,0,0,0,0,0,Piccola Classic,IPT(TSM)-D,,,8,,,Single,,,,,,,,,30,Agitating,10,Diluent - Starch:99.90%;Lubricant - Magnesium Stearate:0.10%
470076000,2025-06-05T13:40:02.076,0,0,829,0,0,0,5,0,0,0,3,0,0,0,0,0,Piccola Classic,IPT(TSM)-D,,,8,,,Single,,,,,,,,,30,Agitating,10,Diluent - Starch:99.90%;Lubricant - Magnesium Stearate:0.10%
470078000,2025-06-05T13:40:02.078,0,0,744,0,0,0,5,0,0,0,3,0,0,0,0,0,Piccola Classic,IPT(TSM)-D,,,8,,,Single,,,,,,,,,30,Agitating,10,Diluent - Starch:99.90%;Lubricant - Magnesium Stearate:0.10%
470080000,2025-06-05T13:40:02.080,0,0,913,0,0,0,5,0,0,0,3,0,0,0,0,0,Piccola Classic,IPT(TSM)-D,,,8,,,Single,,,,,,,,,30,Agitating,10,Diluent - Starch:99.90%;Lubricant - Magnesium Stearate:0.10%
470082000,2025-06-05T13:40:02.082,0,0,829,0,0,0,5,0,0,0,3,0,0,0,0,0,Piccola Classic,IPT(TSM)-D,,,8,,,Single,,,,,,,,,30,Agitating,10,Diluent - Starch:99.90%;Lubricant - Magnesium Stearate:0.10%
470084000,2025-06-05T13:40:02.084,0,0,618,0,0,0,5,0,0,0,3,0,0,0,0,0,Piccola Classic,IPT(TSM)-D,,,8,,,Single,,,,,,,,,30,Agitating,10,Diluent - Starch:99.90%;Lubricant - Magnesium Stearate:0.10%
470086000,2025-06-05T13:40:02.086,0,0,756,0,0,0,5,0,0,0,3,0,0,0,0,0,Piccola Classic,IPT(TSM)-D,,,8,,,Single,,,,,,,,,30,Agitating,10,Diluent - Starch:99.90%;Lubricant - Magnesium Stearate:0.10%
470088000,2025-06-05T13:40:02.088,0,0,792,0,0,0,5,0,0,0,3,0,0,0,0,0,Piccola Classic,IPT(TSM)-D,,,8,,,Single,,,,,,,,,30,Agitating,10,Diluent - Starch:99.90%;Lubricant - Magnesium Stearate:0.10%
470090000,2025-06-05T13:40:02.090,0,0,844,0,0,0,5,0,0,0,3,0,0,0,0,0,Piccola Classic,IPT(TSM)-D,,,8,,,Single,,,,,,,,,30,Agitating,10,Diluent - Starch:99.90%;Lubricant - Magnesium Stearate:0.10%
470092000,2025-06-05T13:40:02.092,0,0,652,0,0,0,5,0,0,0,3,0,0,0,0,0,Piccola Classic,IPT(TSM)-D,,,8,,,Single,,,,,,,,,30,Agitating,10,Diluent - Starch:99.90%;Lubricant - Magnesium Stearate:0.10%
470094000,2025-06-05T13:40:02.094,0,0,827,0,0,0,5,0,0,0,3,0,0,0,0,0,Piccola Classic,IPT(TSM)-D,,,8,,,Single,,,,,,,,,30,Agitating,10,Diluent - Starch:99.90%;Lubricant - Magnesium Stearate:0.10%
470096000,2025-06-05T13:40:02.096,0,0,708,0,0,0,5,0,0,0,3,0,0,0,0,0,Piccola Classic,IPT(TSM)-D,,,8,,,Single,,,,,,,,,30,Agitating,10,Diluent - Starch:99.90%;Lubricant - Magnesium Stearate:0.10%
470098000,2025-06-05T13:40:02.098,0,0,807,0,0,0,5,0,0,0,3,0,0,0,0,0,Piccola Classic,IPT(TSM)-D,,,8,,,Single,,,,,,,,,30,Agitating,10,Diluent - Starch:99.90%;Lubricant - Magnesium Stearate:0.10%
470100000,2025-06-05T13:40:02.100,0,0,572,203,0,0,0,7,0,0,3,0,0,0,0,0,Piccola Classic,IPT(TSM)-D,,,8,,,Single,,,,,,,,,30,Agitating,10,Diluent - Starch:99.90%;Lubricant - Magnesium Stearate:0.10%
470102000,2025-06-05T13:40:02.102,0,0,530,236,0,0,0,7,0,0,3,0,0,0,0,0,Piccola Classic,IPT(TSM)-D,,,8,,,Single,,,,,,,,,30,Agitating,10,Diluent - Starch:99.90%;Lubricant - Magnesium Stearate:0.10%
470104000,2025-06-05T13:40:02.104,0,0,567,249,0,0,0,7,0,0,3,0,0,0,0,0,Piccola Classic,IPT(TSM)-D,,,8,,,Single,,,,,,,,,30,Agitating,10,Diluent - Starch:99.90%;Lubricant - Magnesium Stearate:0.10%
470106000,2025-06-05T13:40:02.106,0,0,549,206,0,0,0,7,0,0,3,0,0,0,0,0,Piccola Classic,IPT(TSM)-D,,,8,,,Single,,,,,,,,,30,Agitating,10,Diluent - Starch:99.90%;Lubricant - Magnesium Stearate:0.10%
470108000,2025-06-05T13:40:02.108,0,0,528,203,0,0,0,7,0,0,3,0,0,0,0,0,Piccola Classic,IPT(TSM)-D,,,8,,,Single,,,,,,,,,30,Agitating,10,Diluent - Starch:99.90%;Lubricant - Magnesium Stearate:0.10%
470110000,2025-06-05T13:40:02.110,0,0,581,217,0,0,0,7,0,0,3,0,0,0,0,0,Piccola Classic,IPT(TSM)-D,,,8,,,Single,,,,,,,,,30,Agitating,10,Diluent - Starch:99.90%;Lubricant - Magnesium Stearate:0.10%
470112000,2025-06-05T13:40:02.112,0,0,541,232,0,0,0,7,0,0,3,0,0,0,0,0,Piccola Classic,IPT(TSM)-D,,,8,,,Single,,,,,,,,,30,Agitating,10,Diluent - Starch:99.90%;Lubricant - Magnesium Stearate:0.10%
470114000,2025-06-05T13:40:02.114,0,0,567,214,0,0,0,7,0,0,3,0,0,0,0,0,Piccola Classic,IPT(TSM)-D,,,8,,,Single,,,,,,,,,30,Agitating,10,Diluent - Starch:99.90%;Lubricant - Magnesium Stearate:0.10%
470116000,2025-06-05T13:40:02.116,0,0,573,242,0,0,0,7,0,0,3,0,0,0,0,0,Piccola Classic,IPT(TSM)-D,,,8,,,Single,,,,,,,,,30,Agitating,10,Diluent - Starch:99.90%;Lubricant - Magnesium Stearate:0.10%
470118000,2025-06-05T13:40:02.118,0,0,517,206,0,0,0,7,0,0,3,0,0,0,0,0,Piccola Classic,IPT(TSM)-D,,,8,,,Single,,,,,,,,,30,Agitating,10,Diluent - Starch:99.90%;Lubricant - Magnesium Stearate:0.10%
470120000,2025-06-05T13:40:02.120,0,0,531,210,0,0,0,7,0,0,3,0,0,0,0,0,Piccola Classic,IPT(TSM)-D,,,8,,,Single,,,,,,,,,30,Agitating,10,Diluent - Starch:99.90%;Lubricant - Magnesium Stearate:0.10%
470122000,2025-06-05T13:40:02.122,0,0,509,215,0,0,0,7,0,0,3,0,0,0,0,0,Piccola Classic,IPT(TSM)-D,,,8,,,Single,,,,,,,,,30,Agitating,10,Diluent - Starch:99.90%;Lubricant - Magnesium Stearate:0.10%
470124000,2025-06-05T13:40:02.124,0,0,567,213,0,0,0,7,0,0,3,0,0,0,0,0,Piccola Classic,IPT(TSM)-D,,,8,,,Single,,,,,,,,,30,Agitating,10,Diluent - Starch:99.90%;Lubricant - Magnesium Stearate:0.10%
470126000,2025-06-05T13:40:02.126,0,0,521,238,0,0,0,7,0,0,3,0,0,0,0,0,Piccola Classic,IPT(TSM)-D,,,8,,,Single,,,,,,,,,30,Agitating,10,Diluent - Starch:99.90%;Lubricant - Magnesium Stearate:0.10%
470128000,2025-06-05T13:40:02.128,0,0,523,228,0,0,0,7,0,0,3,0,0,0,0,0,Piccola Classic,IPT(TSM)-D,,,8,,,Single,,,,,,,,,30,Agitating,10,Diluent - Starch:99.90%;Lubricant - Magnesium Stearate:0.10%
470130000,2025-06-05T13:40:02.130,0,0,555,228,0,0,0,7,0,0,3,0,0,0,0,0,Piccola Classic,IPT(TSM)-D,,,8,,,Single,,,,,,,,,30,Agitating,10,Diluent - Starch:99.90%;Lubricant - Magnesium Stearate:0.10%
470132000,2025-06-05T13:40:02.132,0,0,509,215,0,0,0,7,0,0,3,0,0,0,0,0,Piccola Classic,IPT(TSM)-D,,,8,,,Single,,,,,,,,,30,Agitating,10,Diluent - Starch:99.90%;Lubricant - Magnesium Stearate:0.10%
470134000,2025-06-05T13:40:02.134,0,0,523,238,0,0,0,7,0,0,3,0,0,0,0,0,Piccola Classic,IPT(TSM)-D,,,8,,,Single,,,,,,,,,30,Agitating,10,Diluent - Starch:99.90%;Lubricant - Magnesium Stearate:0.10%
470136000,2025-06-05T13:40:02.136,0,0,542,213,0,0,0,7,0,0,3,0,0,0,0,0,Piccola Classic,IPT(TSM)-D,,,8,,,Single,,,,,,,,,30,Agitating,10,Diluent - Starch:99.90%;Lubricant - Magnesium Stearate:0.10%
470138000,2025-06-05T13:40:02.138,0,0,595,206,0,0,0,7,0,0,3,0,0,0,0,0,Piccola Classic,IPT(TSM)-D,,,8,,,Single,,,,,,,,,30,Agitating,10,Diluent - Starch:99.90%;Lubricant - Magnesium Stearate:0.10%
470140000,2025-06-05T13:40:02.140,0,0,593,217,0,0,0,7,0,0,3,0,0,0,0,0,Piccola Classic,IPT(TSM)-D,,,8,,,Single,,,,,,,,,30,Agitating,10,Diluent - Starch:99.90%;Lubricant - Magnesium Stearate:0.10%
470142000,2025-06-05T13:40:02.142,0,0,562,246,0,0,0,7,0,0,3,0,0,0,0,0,Piccola Classic,IPT(TSM)-D,,,8,,,Single,,,,,,,,,30,Agitating,10,Diluent - Starch:99.90%;Lubricant - Magnesium Stearate:0.10%
470144000,2025-06-05T13:40:02.144,0,0,534,229,0,0,0,7,0,0,3,0,0,0,0,0,Piccola Classic,IPT(TSM)-D,,,8,,,Single,,,,,,,,,30,Agitating,10,Diluent - Starch:99.90%;Lubricant - Magnesium Stearate:0.10%
470146000,2025-06-05T13:40:02.146,0,0,528,219,0,0,0,7,0,0,3,0,0,0,0,0,Piccola Classic,IPT(TSM)-D,,,8,,,Single,,,,,,,,,30,Agitating,10,Diluent - Starch:99.90%;Lubricant - Magnesium Stearate:0.10%
470148000,2025-06-05T13:40:02.148,0,0,596,237,0,0,0,7,0,0,3,0,0,0,0,0,Piccola Classic,IPT(TSM)-D,,,8,,,Single,,,,,,,,,30,Agitating,10,Diluent - Starch:99.90%;Lubricant - Magnesium Stearate:0.10%
470150000,2025-06-05T13:40:02.150,0,0,519,214,0,0,0,7,0,0,3,0,0,0,0,0,Piccola Classic,IPT(TSM)-D,,,8,,,Single,,,,,,,,,30,Agitating,10,Diluent - Starch:99.90%;Lubricant - Magnesium Stearate:0.10%
470152000,2025-06-05T13:40:02.152,0,0,556,243,0,0,0,7,0,0,3,0,0,0,0,0,Piccola Classic,IPT(TSM)-D,,,8,,,Single,,,,,,,,,30,Agitating,10,Diluent - Starch:99.90%;Lubricant - Magnesium Stearate:0.10%
470154000,2025-06-05T13:40:02.154,0,0,570,246,0,0,0,7,0,0,3,0,0,0,0,0,Piccola Classic,IPT(TSM)-D,,,8,,,Single,,,,,,,,,30,Agitating,10,Diluent - Starch:99.90%;Lubricant - Magnesium Stearate:0.10%
470156000,2025-06-05T13:40:02.156,0,0,592,244,0,0,0,7,0,0,3,0,0,0,0,0,Piccola Classic,IPT(TSM)-D,,,8,,,Single,,,,,,,,,30,Agitating,10,Diluent - Starch:99.90%;Lubricant - Magnesium Stearate:0.10%
470158000,2025-06-05T13:40:02.158,0,0,567,224,0,0,0,7,0,0,3,0,0,0,0,0,Piccola Classic,IPT(TSM)-D,,,8,,,Single,,,,,,,,,30,Agitating,10,Diluent - Starch:99.90%;Lubricant - Magnesium Stearate:0.10%
470160000,2025-06-05T13:40:02.160,99,0,553,0,7,0,0,0,0,0,3,0,0,0,0,0,Piccola Classic,IPT(TSM)-D,,,8,,,Single,,,,,,,,,30,Agitating,10,Diluent - Starch:99.90%;Lubricant - Magnesium Stearate:0.10%
470162000,2025-06-05T13:40:02.162,78,0,519,0,7,0,0,0,0,0,3,0,0,0,0,0,Piccola Classic,IPT(TSM)-D,,,8,,,Single,,,,,,,,,30,Agitating,10,Diluent - Starch:99.90%;Lubricant - Magnesium Stearate:0.10%
470164000,2025-06-05T13:40:02.164,93,0,582,0,7,0,0,0,0,0,3,0,0,0,0,0,Piccola Classic,IPT(TSM)-D,,,8,,,Single,,,,,,,,,30,Agitating,10,Diluent - Starch:99.90%;Lubricant - Magnesium Stearate:0.10%
470166000,2025-06-05T13:40:02.166,101,0,514,0,7,0,0,0,0,0,3,0,0,0,0,0,Piccola Classic,IPT(TSM)-D,,,8,,,Single,,,,,,,,,30,Agitating,10,Diluent - Starch:99.90%;Lubricant - Magnesium Stearate:0.10%
470168000,2025-06-05T13:40:02.168,108,0,577,0,7,0,0,0,0,0,3,0,0,0,0,0,Piccola Classic,IPT(TSM)-D,,,8,,,Single,,,,,,,,,30,Agitating,10,Diluent - Starch:99.90%;Lubricant - Magnesium Stearate:0.10%
470170000,2025-06-05T13:40:02.170,98,0,563,0,7,0,0,0,0,0,3,0,0,0,0,0,Piccola Classic,IPT(TSM)-D,,,8,,,Single,,,,,,,,,30,Agitating,10,Diluent - Starch:99.90%;Lubricant - Magnesium Stearate:0.10%
470172000,2025-06-05T13:40:02.172,84,0,572,0,7,0,0,0,0,0,3,0,0,0,0,0,Piccola Classic,IPT(TSM)-D,,,8,,,Single,,,,,,,,,30,Agitating,10,Diluent - Starch:99.90%;Lubricant - Magnesium Stearate:0.10%
470174000,2025-06-05T13:40:02.174,118,0,570,0,7,0,0,0,0,0,3,0,0,0,0,0,Piccola Classic,IPT(TSM)-D,,,8,,,Single,,,,,,,,,30,Agitating,10,Diluent - Starch:99.90%;Lubricant - Magnesium Stearate:0.10%
470176000,2025-06-05T13:40:02.176,87,0,530,0,7,0,0,0,0,0,3,0,0,0,0,0,Piccola Classic,IPT(TSM)-D,,,8,,,Single,,,,,,,,,30,Agitating,10,Diluent - Starch:99.90%;Lubricant - Magnesium Stearate:0.10%
470178000,2025-06-05T13:40:02.178,109,0,549,0,7,0,0,0,0,0,3,0,0,0,0,0,Piccola Classic,IPT(TSM)-D,,,8,,,Single,,,,,,,,,30,Agitating,10,Diluent - Starch:99.90%;Lubricant - Magnesium Stearate:0.10%
470180000,2025-06-05T13:40:02.180,98,0,537,0,7,0,0,0,0,0,3,0,0,0,0,0,Piccola Classic,IPT(TSM)-D,,,8,,,Single,,,,,,,,,30,Agitating,10,Diluent - Starch:99.90%;Lubricant - Magnesium Stearate:0.10%
470182000,2025-06-05T13:40:02.182,113,0,591,0,7,0,0,0,0,0,3,0,0,0,0,0,Piccola Classic,IPT(TSM)-D,,,8,,,Single,,,,,,,,,30,Agitating,10,Diluent - Starch:99.90%;Lubricant - Magnesium Stearate:0.10%
470184000,2025-06-05T13:40:02.184,85,0,557,0,7,0,0,0,0,0,3,0,0,0,0,0,Piccola Classic,IPT(TSM)-D,,,8,,,Single,,,,,,,,,30,Agitating,10,Diluent - Starch:99.90%;Lubricant - Magnesium Stearate:0.10%
470186000,2025-06-05T13:40:02.186,85,0,552,0,7,0,0,0,0,0,3,0,0,0,0,0,Piccola Classic,IPT(TSM)-D,,,8,,,Single,,,,,,,,,30,Agitating,10,Diluent - Starch:99.90%;Lubricant - Magnesium Stearate:0.10%
470188000,2025-06-05T13:40:02.188,105,0,514,0,7,0,0,0,0,0,3,0,0,0,0,0,Piccola Classic,IPT(TSM)-D,,,8,,,Single,,,,,,,,,30,Agitating,10,Diluent - Starch:99.90%;Lubricant - Magnesium Stearate:0.10%
470190000,2025-06-05T13:40:02.190,95,0,513,0,7,0,0,0,0,0,3,0,0,0,0,0,Piccola Classic,IPT(TSM)-D,,,8,,,Single,,,,,,,,,30,Agitating,10,Diluent - Starch:99.90%;Lubricant - Magnesium Stearate:0.10%
470192000,2025-06-05T13:40:02.192,110,0,570,0,7,0,0,0,0,0,3,0,0,0,0,0,Piccola Classic,IPT(TSM)-D,,,8,,,Single,,,,,,,,,30,Agitating,10,Diluent - Starch:99.90%;Lubricant - Magnesium Stearate:0.10%
470194000,2025-06-05T13:40:02.194,109,0,507,0,7,0,0,0,0,0,3,0,0,0,0,0,Piccola Classic,IPT(TSM)-D,,,8,,,Single,,,,,,,,,30,Agitating,10,Diluent - Starch:99.90%;Lubricant - Magnesium Stearate:0.10%
470196000,2025-06-05T13:40:02.196,122,0,578,0,7,0,0,0,0,0,3,0,0,0,0,0,Piccola Classic,IPT(TSM)-D,,,8,,,Single,,,,,,,,,30,Agitating,10,Diluent - Starch:99.90%;Lubricant - Magnesium Stearate:0.10%
470198000,2025-06-05T13:40:02.198,94,0,510,0,7,0,0,0,0,0,3,0,0,0,0,0,Piccola Classic,IPT(TSM)-D,,,8,,,Single,,,,,,,,,30,Agitating,10,Diluent - Starch:99.90%;Lubricant - Magnesium Stearate:0.10%
470200000,2025-06-05T13:40:02.200,113,0,519,0,7,0,0,0,0,0,3,0,0,0,0,0,Piccola Classic,IPT(TSM)-D,,,8,,,Single,,,,,,,,,30,Agitating,10,Diluent - Starch:99.90%;Lubricant - Magnesium Stearate:0.10%
470202000,2025-06-05T13:40:02.202,94,0,537,0,7,0,0,0,0,0,3,0,0,0,0,0,Piccola Classic,IPT(TSM)-D,,,8,,,Single,,,,,,,,,30,Agitating,10,Diluent - Starch:99.90%;Lubricant - Magnesium Stearate:0.10%
470204000,2025-06-05T13:40:02.204,117,0,562,0,7,0,0,0,0,0,3,0,0,0,0,0,Piccola Classic,IPT(TSM)-D,,,8,,,Single,,,,,,,,,30,Agitating,10,Diluent - Starch:99.90%;Lubricant - Magnesium Stearate:0.10%
470206000,2025-06-05T13:40:02.206,110,0,595,0,7,0,0,0,0,0,3,0,0,0,0,0,Piccola Classic,IPT(TSM)-D,,,8,,,Single,,,,,,,,,30,Agitating,10,Diluent - Starch:99.90%;Lubricant - Magnesium Stearate:0.10%
470208000,2025-06-05T13:40:02.208,113,0,581,0,7,0,0,0,0,0,3,0,0,0,0,0,Piccola Classic,IPT(TSM)-D,,,8,,,Single,,,,,,,,,30,Agitating,10,Diluent - Starch:99.90%;Lubricant - Magnesium Stearate:0.10%
470210000,2025-06-05T13:40:02.210,84,0,531,0,7,0,0,0,0,0,3,0,0,0,0,0,Piccola Classic,IPT(TSM)-D,,,8,,,Single,,,,,,,,,30,Agitating,10,Diluent - Starch:99.90%;Lubricant - Magnesium Stearate:0.10%
470212000,2025-06-05T13:40:02.212,88,0,593,0,7,0,0,0,0,0,3,0,0,0,0,0,Piccola Classic,IPT(TSM)-D,,,8,,,Single,,,,,,,,,30,Agitating,10,Diluent - Starch:99.90%;Lubricant - Magnesium Stearate:0.10%
470214000,2025-06-05T13:40:02.214,104,0,540,0,7,0,0,0,0,0,3,0,0,0,0,0,Piccola Classic,IPT(TSM)-D,,,8,,,Single,,,,,,,,,30,Agitating,10,Diluent - Starch:99.90%;Lubricant - Magnesium Stearate:0.10%
470216000,2025-06-05T13:40:02.216,110,0,549,0,7,0,0,0,0,0,3,0,0,0,0,0,Piccola Classic,IPT(TSM)-D,,,8,,,Single,,,,,,,,,30,Agitating,10,Diluent - Starch:99.90%;Lubricant - Magnesium Stearate:0.10%
470218000,2025-06-05T13:40:02.218,87,0,535,0,7,0,0,0,0,0,3,0,0,0,0,0,Piccola Classic,IPT(TSM)-D,,,8,,,Single,,,,,,,,,30,Agitating,10,Diluent - Starch:99.90%;Lubricant - Magnesium Stearate:0.10%
470220000,2025-06-05T13:40:02.220,115,0,509,0,7,0,0,0,0,0,3,0,0,0,0,0,Piccola Classic,IPT(TSM)-D,,,8,,,Single,,,,,,,,,30,Agitating,10,Diluent - Starch:99.90%;Lubricant - Magnesium Stearate:0.10%
470222000,2025-06-05T13:40:02.222,106,0,508,0,7,0,0,0,0,0,3,0,0,0,0,0,Piccola Classic,IPT(TSM)-D,,,8,,,Single,,,,,,,,,30,Agitating,10,Diluent - Starch:99.90%;Lubricant - Magnesium Stearate:0.10%
470224000,2025-06-05T13:40:02.224,85,0,530,0,7,0,0,0,0,0,3,0,0,0,0,0,Piccola Classic,IPT(TSM)-D,,,8,,,Single,,,,,,,,,30,Agitating,10,Diluent - Starch:99.90%;Lubricant - Magnesium Stearate:0.10%
470226000,2025-06-05T13:40:02.226,92,0,592,0,7,0,0,0,0,0,3,0,0,0,0,0,Piccola Classic,IPT(TSM)-D,,,8,,,Single,,,,,,,,,30,Agitating,10,Diluent - Starch:99.90%;Lubricant - Magnesium Stearate:0.10%
470228000,2025-06-05T13:40:02.228,114,0,593,0,7,0,0,0,0,0,3,0,0,0,0,0,Piccola Classic,IPT(TSM)-D,,,8,,,Single,,,,,,,,,30,Agitating,10,Diluent - Starch:99.90%;Lubricant - Magnesium Stearate:0.10%
470230000,2025-06-05T13:40:02.230,112,0,546,0,7,0,0,0,0,0,3,0,0,0,0,0,Piccola Classic,IPT(TSM)-D,,,8,,,Single,,,,,,,,,30,Agitating,10,Diluent - Starch:99.90%;Lubricant - Magnesium Stearate:0.10%
470232000,2025-06-05T13:40:02.232,98,0,553,0,7,0,0,0,0,0,3,0,0,0,0,0,Piccola Classic,IPT(TSM)-D,,,8,,,Single,,,,,,,,,30,Agitating,10,Diluent - Starch:99.90%;Lubricant - Magnesium Stearate:0.10%
470234000,2025-06-05T13:40:02.234,112,0,517,0,7,0,0,0,0,0,3,0,0,0,0,0,Piccola Classic,IPT(TSM)-D,,,8,,,Single,,,,,,,,,30,Agitating,10,Diluent - Starch:99.90%;Lubricant - Magnesium Stearate:0.10%
470236000,2025-06-05T13:40:02.236,100,0,547,0,7,0,0,0,0,0,3,0,0,0,0,0,Piccola Classic,IPT(TSM)-D,,,8,,,Single,,,,,,,,,30,Agitating,10,Diluent - Starch:99.90%;Lubricant - Magnesium Stearate:0.10%
470238000,2025-06-05T13:40:02.238,111,0,598,0,7,0,0,0,0,0,3,0,0,0,0,0,Piccola Classic,IPT(TSM)-D,,,8,,,Single,,,,,,,,,30,Agitating,10,Diluent - Starch:99.90%;Lubricant - Magnesium Stearate:0.10%
470240000,2025-06-05T13:40:02.240,0,31,591,0,0,7,0,0,0,0,3,0,0,0,0,0,Piccola Classic,IPT(TSM)-D,,,8,,,Single,,,,,,,,,30,Agitating,10,Diluent - Starch:99.90%;Lubricant - Magnesium Stearate:0.10%
470242000,2025-06-05T13:40:02.242,0,47,553,0,0,7,0,0,0,0,3,0,0,0,0,0,Piccola Classic,IPT(TSM)-D,,,8,,,Single,,,,,,,,,30,Agitating,10,Diluent - Starch:99.90%;Lubricant - Magnesium Stearate:0.10%
470244000,2025-06-05T13:40:02.244,0,31,538,0,0,7,0,0,0,0,3,0,0,0,0,0,Piccola Classic,IPT(TSM)-D,,,8,,,Single,,,,,,,,,30,Agitating,10,Diluent - Starch:99.90%;Lubricant - Magnesium Stearate:0.10%
470246000,2025-06-05T13:40:02.246,0,50,573,0,0,7,0,0,0,0,3,0,0,0,0,0,Piccola Classic,IPT(TSM)-D,,,8,,,Single,,,,,,,,,30,Agitating,10,Diluent - Starch:99.90%;Lubricant - Magnesium Stearate:0.10%
470248000,2025-06-05T13:40:02.248,0,21,556,0,0,7,0,0,0,0,3,0,0,0,0,0,Piccola Classic,IPT(TSM)-D,,,8,,,Single,,,,,,,,,30,Agitating,10,Diluent - Starch:99.90%;Lubricant - Magnesium Stearate:0.10%
470250000,2025-06-05T13:40:02.250,0,32,568,0,0,7,0,0,0,0,3,0,0,0,0,0,Piccola Classic,IPT(TSM)-D,,,8,,,Single,,,,,,,,,30,Agitating,10,Diluent - Starch:99.90%;Lubricant - Magnesium Stearate:0.10%
470252000,2025-06-05T13:40:02.252,0,50,519,0,0,7,0,0,0,0,3,0,0,0,0,0,Piccola Classic,IPT(TSM)-D,,,8,,,Single,,,,,,,,,30,Agitating,10,Diluent - Starch:99.90%;Lubricant - Magnesium Stearate:0.10%
470254000,2025-06-05T13:40:02.254,0,25,522,0,0,7,0,0,0,0,3,0,0,0,0,0,Piccola Classic,IPT(TSM)-D,,,8,,,Single,,,,,,,,,30,Agitating,10,Diluent - Starch:99.90%;Lubricant - Magnesium Stearate:0.10%
470256000,2025-06-05T13:40:02.256,0,40,563,0,0,7,0,0,0,0,3,0,0,0,0,0,Piccola Classic,IPT(TSM)-D,,,8,,,Single,,,,,,,,,30,Agitating,10,Diluent - Starch:99.90%;Lubricant - Magnesium Stearate:0.10%
470258000,2025-06-05T13:40:02.258,0,36,566,0,0,7,0,0,0,0,3,0,0,0,0,0,Piccola Classic,IPT(TSM)-D,,,8,,,Single,,,,,,,,,30,Agitating,10,Diluent - Starch:99.90%;Lubricant - Magnesium Stearate:0.10%
470260000,2025-06-05T13:40:02.260,0,26,522,0,0,7,0,0,0,0,3,0,0,0,0,0,Piccola Classic,IPT(TSM)-D,,,8,,,Single,,,,,,,,,30,Agitating,10,Diluent - Starch:99.90%;Lubricant - Magnesium Stearate:0.10%
470262000,2025-06-05T13:40:02.262,0,31,542,0,0,7,0,0,0,0,3,0,0,0,0,0,Piccola Classic,IPT(TSM)-D,,,8,,,Single,,,,,,,,,30,Agitating,10,Diluent - Starch:99.90%;Lubricant - Magnesium Stearate:0.10%
470264000,2025-06-05T13:40:02.264,0,61,520,0,0,7,0,0,0,0,3,0,0,0,0,0,Piccola Classic,IPT(TSM)-D,,,8,,,Single,,,,,,,,,30,Agitating,10,Diluent - Starch:99.90%;Lubricant - Magnesium Stearate:0.10%
470266000,2025-06-05T13:40:02.266,0,45,526,0,0,7,0,0,0,0,3,0,0,0,0,0,Piccola Classic,IPT(TSM)-D,,,8,,,Single,,,,,,,,,30,Agitating,10,Diluent - Starch:99.90%;Lubricant - Magnesium Stearate:0.10%
470268000,2025-06-05T13:40:02.268,0,33,509,0,0,7,0,0,0,0,3,0,0,0,0,0,Piccola Classic,IPT(TSM)-D,,,8,,,Single,,,,,,,,,30,Agitating,10,Diluent - Starch:99.90%;Lubricant - Magnesium Stearate:0.10%
470270000,2025-06-05T13:40:02.270,0,53,558,0,0,7,0,0,0,0,3,0,0,0,0,0,Piccola Classic,IPT(TSM)-D,,,8,,,Single,,,,,,,,,30,Agitating,10,Diluent - Starch:99.90%;Lubricant - Magnesium Stearate:0.10%
470272000,2025-06-05T13:40:02.272,0,65,514,0,0,7,0,0,0,0,3,0,0,0,0,0,Piccola Classic,IPT(TSM)-D,,,8,,,Single,,,,,,,,,30,Agitating,10,Diluent - Starch:99.90%;Lubricant - Magnesium Stearate:0.10%
470274000,2025-06-05T13:40:02.274,0,40,552,0,0,7,0,0,0,0,3,0,0,0,0,0,Piccola Classic,IPT(TSM)-D,,,8,,,Single,,,,,,,,,30,Agitating,10,Diluent - Starch:99.90%;Lubricant - Magnesium Stearate:0.10%
470276000,2025-06-05T13:40:02.276,0,36,591,0,0,7,0,0,0,0,3,0,0,0,0,0,Piccola Classic,IPT(TSM)-D,,,8,,,Single,,,,,,,,,30,Agitating,10,Diluent - Starch:99.90%;Lubricant - Magnesium Stearate:0.10%
470278000,2025-06-05T13:40:02.278,0,44,522,0,0,7,0,0,0,0,3,0,0,0,0,0,Piccola Classic,IPT(TSM)-D,,,8,,,Single,,,,,,,,,30,Agitating,10,Diluent - Starch:99.90%;Lubricant - Magnesium Stearate:0.10%
470280000,2025-06-05T13:40:02.280,0,31,549,0,0,7,0,0,0,0,3,0,0,0,0,0,Piccola Classic,IPT(TSM)-D,,,8,,,Single,,,,,,,,,30,Agitating,10,Diluent - Starch:99.90%;Lubricant - Magnesium Stearate:0.10%
470282000,2025-06-05T13:40:02.282,0,26,548,0,0,7,0,0,0,0,3,0,0,0,0,0,Piccola Classic,IPT(TSM)-D,,,8,,,Single,,,,,,,,,30,Agitating,10,Diluent - Starch:99.90%;Lubricant - Magnesium Stearate:0.10%
470284000,2025-06-05T13:40:02.284,0,22,577,0,0,7,0,0,0,0,3,0,0,0,0,0,Piccola Classic,IPT(TSM)-D,,,8,,,Single,,,,,,,,,30,Agitating,10,Diluent - Starch:99.90%;Lubricant - Magnesium Stearate:0.10%
470286000,2025-06-05T13:40:02.286,0,46,536,0,0,7,0,0,0,0,3,0,0,0,0,0,Piccola Classic,IPT(TSM)-D,,,8,,,Single,,,,,,,,,30,Agitating,10,Diluent - Starch:99.90%;Lubricant - Magnesium Stearate:0.10%
470288000,2025-06-05T13:40:02.288,0,24,547,0,0,7,0,0,0,0,3,0,0,0,0,0,Piccola Classic,IPT(TSM)-D,,,8,,,Single,,,,,,,,,30,Agitating,10,Diluent - Starch:99.90%;Lubricant - Magnesium Stearate:0.10%
470290000,2025-06-05T13:40:02.290,0,35,575,0,0,7,0,0,0,0,3,0,0,0,0,0,Piccola Classic,IPT(TSM)-D,,,8,,,Single,,,,,,,,,30,Agitating,10,Diluent - Starch:99.90%;Lubricant - Magnesium Stearate:0.10%
470292000,2025-06-05T13:40:02.292,0,43,557,0,0,7,0,0,0,0,3,0,0,0,0,0,Piccola Classic,IPT(TSM)-D,,,8,,,Single,,,,,,,,,30,Agitating,10,Diluent - Starch:99.90%;Lubricant - Magnesium Stearate:0.10%
470294000,2025-06-05T13:40:02.294,0,42,594,0,0,7,0,0,0,0,3,0,0,0,0,0,Piccola Classic,IPT(TSM)-D,,,8,,,Single,,,,,,,,,30,Agitating,10,Diluent - Starch:99.90%;Lubricant - Magnesium Stearate:0.10%
470296000,2025-06-05T13:40:02.296,0,47,541,0,0,7,0,0,0,0,3,0,0,0,0,0,Piccola Classic,IPT(TSM)-D,,,8,,,Single,,,,,,,,,30,Agitating,10,Diluent - Starch:99.90%;Lubricant - Magnesium Stearate:0.10%
470298000,2025-06-05T13:40:02.298,0,24,514,0,0,7,0,0,0,0,3,0,0,0,0,0,Piccola Classic,IPT(TSM)-D,,,8,,,Single,,,,,,,,,30,Agitating,10,Diluent - Starch:99.90%;Lubricant - Magnesium Stearate:0.10%
470300000,2025-06-05T13:40:02.300,0,42,540,0,0,7,0,0,0,0,3,0,0,0,0,0,Piccola Classic,IPT(TSM)-D,,,8,,,Single,,,,,,,,,30,Agitating,10,Diluent - Starch:99.90%;Lubricant - Magnesium Stearate:0.10%
470302000,2025-06-05T13:40:02.302,0,68,561,0,0,7,0,0,0,0,3,0,0,0,0,0,Piccola Classic,IPT(TSM)-D,,,8,,,Single,,,,,,,,,30,Agitating,10,Diluent - Starch:99.90%;Lubricant - Magnesium Stearate:0.10%
470304000,2025-06-05T13:40:02.304,0,27,571,0,0,7,0,0,0,0,3,0,0,0,0,0,Piccola Classic,IPT(TSM)-D,,,8,,,Single,,,,,,,,,30,Agitating,10,Diluent - Starch:99.90%;Lubricant - Magnesium Stearate:0.10%
470306000,2025-06-05T13:40:02.306,0,38,547,0,0,7,0,0,0,0,3,0,0,0,0,0,Piccola Classic,IPT(TSM)-D,,,8,,,Single,,,,,,,,,30,Agitating,10,Diluent - Starch:99.90%;Lubricant - Magnesium Stearate:0.10%
470308000,2025-06-05T13:40:02.308,0,36,553,0,0,7,0,0,0,0,3,0,0,0,0,0,Piccola Classic,IPT(TSM)-D,,,8,,,Single,,,,,,,,,30,Agitating,10,Diluent - Starch:99.90%;Lubricant - Magnesium Stearate:0.10%
470310000,2025-06-05T13:40:02.310,0,39,549,0,0,7,0,0,0,0,3,0,0,0,0,0,Piccola Classic,IPT(TSM)-D,,,8,,,Single,,,,,,,,,30,Agitating,10,Diluent - Starch:99.90%;Lubricant - Magnesium Stearate:0.10%
470312000,2025-06-05T13:40:02.312,0,34,587,0,0,7,0,0,0,0,3,0,0,0,0,0,Piccola Classic,IPT(TSM)-D,,,8,,,Single,,,,,,,,,30,Agitating,10,Diluent - Starch:99.90%;Lubricant - Magnesium Stearate:0.10%
470314000,2025-06-05T13:40:02.314,0,41,555,0,0,7,0,0,0,0,3,0,0,0,0,0,Piccola Classic,IPT(TSM)-D,,,8,,,Single,,,,,,,,,30,Agitating,10,Diluent - Starch:99.90%;Lubricant - Magnesium Stearate:0.10%
470316000,2025-06-05T13:40:02.316,0,53,580,0,0,7,0,0,0,0,3,0,0,0,0,0,Piccola Classic,IPT(TSM)-D,,,8,,,Single,,,,,,,,,30,Agitating,10,Diluent - Starch:99.90%;Lubricant - Magnesium Stearate:0.10%
470318000,2025-06-05T13:40:02.318,0,40,530,0,0,7,0,0,0,0,3,0,0,0,0,0,Piccola Classic,IPT(TSM)-D,,,8,,,Single,,,,,,,,,30,Agitating,10,Diluent - Starch:99.90%;Lubricant - Magnesium Stearate:0.10%
470320000,2025-06-05T13:40:02.320,0,0,718,0,0,0,7,0,0,0,3,0,0,0,0,0,Piccola Classic,IPT(TSM)-D,,,8,,,Single,,,,,,,,,30,Agitating,10,Diluent - Starch:99.90%;Lubricant - Magnesium Stearate:0.10%
470322000,2025-06-05T13:40:02.322,0,0,766,0,0,0,7,0,0,0,3,0,0,0,0,0,Piccola Classic,IPT(TSM)-D,,,8,,,Single,,,,,,,,,30,Agitating,10,Diluent - Starch:99.90%;Lubricant - Magnesium Stearate:0.10%
470324000,2025-06-05T13:40:02.324,0,0,679,0,0,0,7,0,0,0,3,0,0,0,0,0,Piccola Classic,IPT(TSM)-D,,,8,,,Single,,,,,,,,,30,Agitating,10,Diluent - Starch:99.90%;Lubricant - Magnesium Stearate:0.10%
470326000,2025-06-05T13:40:02.326,0,0,839,0,0,0,7,0,0,0,3,0,0,0,0,0,Piccola Classic,IPT(TSM)-D,,,8,,,Single,,,,,,,,,30,Agitating,10,Diluent - Starch:99.90%;Lubricant - Magnesium Stearate:0.10%
470328000,2025-06-05T13:40:02.328,0,0,714,0,0,0,7,0,0,0,3,0,0,0,0,0,Piccola Classic,IPT(TSM)-D,,,8,,,Single,,,,,,,,,30,Agitating,10,Diluent - Starch:99.90%;Lubricant - Magnesium Stearate:0.10%
470330000,2025-06-05T13:40:02.330,0,0,892,0,0,0,7,0,0,0,3,0,0,0,0,0,Piccola Classic,IPT(TSM)-D,,,8,,,Single,,,,,,,,,30,Agitating,10,Diluent - Starch:99.90%;Lubricant - Magnesium Stearate:0.10%
470332000,2025-06-05T13:40:02.332,0,0,692,0,0,0,7,0,0,0,3,0,0,0,0,0,Piccola Classic,IPT(TSM)-D,,,8,,,Single,,,,,,,,,30,Agitating,10,Diluent - Starch:99.90%;Lubricant - Magnesium Stearate:0.10%
470334000,2025-06-05T13:40:02.334,0,0,880,0,0,0,7,0,0,0,3,0,0,0,0,0,Piccola Classic,IPT(TSM)-D,,,8,,,Single,,,,,,,,,30,Agitating,10,Diluent - Starch:99.90%;Lubricant - Magnesium Stearate:0.10%
470336000,2025-06-05T13:40:02.336,0,0,864,0,0,0,7,0,0,0,3,0,0,0,0,0,Piccola Classic,IPT(TSM)-D,,,8,,,Single,,,,,,,,,30,Agitating,10,Diluent - Starch:99.90%;Lubricant - Magnesium Stearate:0.10%
470338000,2025-06-05T13:40:02.338,0,0,850,0,0,0,7,0,0,0,3,0,0,0,0,0,Piccola Classic,IPT(TSM)-D,,,8,,,Single,,,,,,,,,30,Agitating,10,Diluent - Starch:99.90%;Lubricant - Magnesium Stearate:0.10%
470340000,2025-06-05T13:40:02.340,0,0,769,0,0,0,7,0,0,0,3,0,0,0,0,0,Piccola Classic,IPT(TSM)-D,,,8,,,Single,,,,,,,,,30,Agitating,10,Diluent - Starch:99.90%;Lubricant - Magnesium Stearate:0.10%
470342000,2025-06-05T13:40:02.342,0,0,634,0,0,0,7,0,0,0,3,0,0,0,0,0,Piccola Classic,IPT(TSM)-D,,,8,,,Single,,,,,,,,,30,Agitating,10,Diluent - Starch:99.90%;Lubricant - Magnesium Stearate:0.10%
470344000,2025-06-05T13:40:02.344,0,0,654,0,0,0,7,0,0,0,3,0,0,0,0,0,Piccola Classic,IPT(TSM)-D,,,8,,,Single,,,,,,,,,30,Agitating,10,Diluent - Starch:99.90%;Lubricant - Magnesium Stearate:0.10%
470346000,2025-06-05T13:40:02.346,0,0,687,0,0,0,7,0,0,0,3,0,0,0,0,0,Piccola Classic,IPT(TSM)-D,,,8,,,Single,,,,,,,,,30,Agitating,10,Diluent - Starch:99.90%;Lubricant - Magnesium Stearate:0.10%
470348000,2025-06-05T13:40:02.348,0,0,798,0,0,0,7,0,0,0,3,0,0,0,0,0,Piccola Classic,IPT(TSM)-D,,,8,,,Single,,,,,,,,,30,Agitating,10,Diluent - Starch:99.90%;Lubricant - Magnesium Stearate:0.10%
470350000,2025-06-05T13:40:02.350,0,0,812,0,0,0,7,0,0,0,3,0,0,0,0,0,Piccola Classic,IPT(TSM)-D,,,8,,,Single,,,,,,,,,30,Agitating,10,Diluent - Starch:99.90%;Lubricant - Magnesium Stearate:0.10%
470352000,2025-06-05T13:40:02.352,0,0,633,0,0,0,7,0,0,0,3,0,0,0,0,0,Piccola Classic,IPT(TSM)-D,,,8,,,Single,,,,,,,,,30,Agitating,10,Diluent - Starch:99.90%;Lubricant - Magnesium Stearate:0.10%
470354000,2025-06-05T13:40:02.354,0,0,676,0,0,0,7,0,0,0,3,0,0,0,0,0,Piccola Classic,IPT(TSM)-D,,,8,,,Single,,,,,,,,,30,Agitating,10,Diluent - Starch:99.90%;Lubricant - Magnesium Stearate:0.10%
470356000,2025-06-05T13:40:02.356,0,0,866,0,0,0,7,0,0,0,3,0,0,0,0,0,Piccola Classic,IPT(TSM)-D,,,8,,,Single,,,,,,,,,30,Agitating,10,Diluent - Starch:99.90%;Lubricant - Magnesium Stearate:0.10%
470358000,2025-06-05T13:40:02.358,0,0,910,0,0,0,7,0,0,0,3,0,0,0,0,0,Piccola Classic,IPT(TSM)-D,,,8,,,Single,,,,,,,,,30,Agitating,10,Diluent - Starch:99.90%;Lubricant - Magnesium Stearate:0.10%
470360000,2025-06-05T13:40:02.360,0,0,827,0,0,0,7,0,0,0,3,0,0,0,0,0,Piccola Classic,IPT(TSM)-D,,,8,,,Single,,,,,,,,,30,Agitating,10,Diluent - Starch:99.90%;Lubricant - Magnesium Stearate:0.10%
470362000,2025-06-05T13:40:02.362,0,0,738,0,0,0,7,0,0,0,3,0,0,0,0,0,Piccola Classic,IPT(TSM)-D,,,8,,,Single,,,,,,,,,30,Agitating,10,Diluent - Starch:99.90%;Lubricant - Magnesium Stearate:0.10%
470364000,2025-06-05T13:40:02.364,0,0,770,0,0,0,7,0,0,0,3,0,0,0,0,0,Piccola Classic,IPT(TSM)-D,,,8,,,Single,,,,,,,,,30,Agitating,10,Diluent - Starch:99.90%;Lubricant - Magnesium Stearate:0.10%
470366000,2025-06-05T13:40:02.366,0,0,676,0,0,0,7,0,0,0,3,0,0,0,0,0,Piccola Classic,IPT(TSM)-D,,,8,,,Single,,,,,,,,,30,Agitating,10,Diluent - Starch:99.90%;Lubricant - Magnesium Stearate:0.10%
470368000,2025-06-05T13:40:02.368,0,0,764,0,0,0,7,0,0,0,3,0,0,0,0,0,Piccola Classic,IPT(TSM)-D,,,8,,,Single,,,,,,,,,30,Agitating,10,Diluent - Starch:99.90%;Lubricant - Magnesium Stearate:0.10%
470370000,2025-06-05T13:40:02.370,0,0,801,0,0,0,7,0,0,0,3,0,0,0,0,0,Piccola Classic,IPT(TSM)-D,,,8,,,Single,,,,,,,,,30,Agitating,10,Diluent - Starch:99.90%;Lubricant - Magnesium Stearate:0.10%
470372000,2025-06-05T13:40:02.372,0,0,673,0,0,0,7,0,0,0,3,0,0,0,0,0,Piccola Classic,IPT(TSM)-D,,,8,,,Single,,,,,,,,,30,Agitating,10,Diluent - Starch:99.90%;Lubricant - Magnesium Stearate:0.10%
470374000,2025-06-05T13:40:02.374,0,0,752,0,0,0,7,0,0,0,3,0,0,0,0,0,Piccola Classic,IPT(TSM)-D,,,8,,,Single,,,,,,,,,30,Agitating,10,Diluent - Starch:99.90%;Lubricant - Magnesium Stearate:0.10%
470376000,2025-06-05T13:40:02.376,0,0,748,0,0,0,7,0,0,0,3,0,0,0,0,0,Piccola Classic,IPT(TSM)-D,,,8,,,Single,,,,,,,,,30,Agitating,10,Diluent - Starch:99.90%;Lubricant - Magnesium Stearate:0.10%
470378000,2025-06-05T13:40:02.378,0,0,619,0,0,0,7,0,0,0,3,0,0,0,0,0,Piccola Classic,IPT(TSM)-D,,,8,,,Single,,,,,,,,,30,Agitating,10,Diluent - Starch:99.90%;Lubricant - Magnesium Stearate:0.10%
470380000,2025-06-05T13:40:02.380,0,0,809,0,0,0,7,0,0,0,3,0,0,0,0,0,Piccola Classic,IPT(TSM)-D,,,8,,,Single,,,,,,,,,30,Agitating,10,Diluent - Starch:99.90%;Lubricant - Magnesium Stearate:0.10%
470382000,2025-06-05T13:40:02.382,0,0,711,0,0,0,7,0,0,0,3,0,0,0,0,0,Piccola Classic,IPT(TSM)-D,,,8,,,Single,,,,,,,,,30,Agitating,10,Diluent - Starch:99.90%;Lubricant - Magnesium Stearate:0.10%
470384000,2025-06-05T13:40:02.384,0,0,760,0,0,0,7,0,0,0,3,0,0,0,0,0,Piccola Classic,IPT(TSM)-D,,,8,,,Single,,,,,,,,,30,Agitating,10,Diluent - Starch:99.90%;Lubricant - Magnesium Stearate:0.10%
470386000,2025-06-05T13:40:02.386,0,0,637,0,0,0,7,0,0,0,3,0,0,0,0,0,Piccola Classic,IPT(TSM)-D,,,8,,,Single,,,,,,,,,30,Agitating,10,Diluent - Starch:99.90%;Lubricant - Magnesium Stearate:0.10%
470388000,2025-06-05T13:40:02.388,0,0,848,0,0,0,7,0,0,0,3,0,0,0,0,0,Piccola Classic,IPT(TSM)-D,,,8,,,Single,,,,,,,,,30,Agitating,10,Diluent - Starch:99.90%;Lubricant - Magnesium Stearate:0.10%
470390000,2025-06-05T13:40:02.390,0,0,857,0,0,0,7,0,0,0,3,0,0,0,0,0,Piccola Classic,IPT(TSM)-D,,,8,,,Single,,,,,,,,,30,Agitating,10,Diluent - Starch:99.90%;Lubricant - Magnesium Stearate:0.10%
470392000,2025-06-05T13:40:02.392,0,0,876,0,0,0,7,0,0,0,3,0,0,0,0,0,Piccola Classic,IPT(TSM)-D,,,8,,,Single,,,,,,,,,30,Agitating,10,Diluent - Starch:99.90%;Lubricant - Magnesium Stearate:0.10%
470394000,2025-06-05T13:40:02.394,0,0,810,0,0,0,7,0,0,0,3,0,0,0,0,0,Piccola Classic,IPT(TSM)-D,,,8,,,Single,,,,,,,,,30,Agitating,10,Diluent - Starch:99.90%;Lubricant - Magnesium Stearate:0.10%
470396000,2025-06-05T13:40:02.396,0,0,652,0,0,0,7,0,0,0,3,0,0,0,0,0,Piccola Classic,IPT(TSM)-D,,,8,,,Single,,,,,,,,,30,Agitating,10,Diluent - Starch:99.90%;Lubricant - Magnesium Stearate:0.10%
470398000,2025-06-05T13:40:02.398,0,0,784,0,0,0,7,0,0,0,3,0,0,0,0,0,Piccola Classic,IPT(TSM)-D,,,8,,,Single,,,,,,,,,30,Agitating,10,Diluent - Starch:99.90%;Lubricant - Magnesium Stearate:0.10%
470400000,2025-06-05T13:40:02.400,0,0,533,219,0,0,0,1,0,0,3,0,0,0,0,0,Piccola Classic,IPT(TSM)-D,,,8,,,Single,,,,,,,,,30,Agitating,10,Diluent - Starch:99.90%;Lubricant - Magnesium Stearate:0.10%
470402000,2025-06-05T13:40:02.402,0,0,566,212,0,0,0,1,0,0,3,0,0,0,0,0,Piccola Classic,IPT(TSM)-D,,,8,,,Single,,,,,,,,,30,Agitating,10,Diluent - Starch:99.90%;Lubricant - Magnesium Stearate:0.10%
470404000,2025-06-05T13:40:02.404,0,0,547,249,0,0,0,1,0,0,3,0,0,0,0,0,Piccola Classic,IPT(TSM)-D,,,8,,,Single,,,,,,,,,30,Agitating,10,Diluent - Starch:99.90%;Lubricant - Magnesium Stearate:0.10%
470406000,2025-06-05T13:40:02.406,0,0,526,215,0,0,0,1,0,0,3,0,0,0,0,0,Piccola Classic,IPT(TSM)-D,,,8,,,Single,,,,,,,,,30,Agitating,10,Diluent - Starch:99.90%;Lubricant - Magnesium Stearate:0.10%
470408000,2025-06-05T13:40:02.408,0,0,567,237,0,0,0,1,0,0,3,0,0,0,0,0,Piccola Classic,IPT(TSM)-D,,,8,,,Single,,,,,,,,,30,Agitating,10,Diluent - Starch:99.90%;Lubricant - Magnesium Stearate:0.10%
470410000,2025-06-05T13:40:02.410,0,0,557,213,0,0,0,1,0,0,3,0,0,0,0,0,Piccola Classic,IPT(TSM)-D,,,8,,,Single,,,,,,,,,30,Agitating,10,Diluent - Starch:99.90%;Lubricant - Magnesium Stearate:0.10%
470412000,2025-06-05T13:40:02.412,0,0,539,246,0,0,0,1,0,0,3,0,0,0,0,0,Piccola Classic,IPT(TSM)-D,,,8,,,Single,,,,,,,,,30,Agitating,10,Diluent - Starch:99.90%;Lubricant - Magnesium Stearate:0.10%
470414000,2025-06-05T13:40:02.414,0,0,563,239,0,0,0,1,0,0,3,0,0,0,0,0,Piccola Classic,IPT(TSM)-D,,,8,,,Single,,,,,,,,,30,Agitating,10,Diluent - Starch:99.90%;Lubricant - Magnesium Stearate:0.10%
470416000,2025-06-05T13:40:02.416,0,0,519,212,0,0,0,1,0,0,3,0,0,0,0,0,Piccola Classic,IPT(TSM)-D,,,8,,,Single,,,,,,,,,30,Agitating,10,Diluent - Starch:99.90%;Lubricant - Magnesium Stearate:0.10%
470418000,2025-06-05T13:40:02.418,0,0,577,213,0,0,0,1,0,0,3,0,0,0,0,0,Piccola Classic,IPT(TSM)-D,,,8,,,Single,,,,,,,,,30,Agitating,10,Diluent - Starch:99.90%;Lubricant - Magnesium Stearate:0.10%
470420000,2025-06-05T13:40:02.420,0,0,595,230,0,0,0,1,0,0,3,0,0,0,0,0,Piccola Classic,IPT(TSM)-D,,,8,,,Single,,,,,,,,,30,Agitating,10,Diluent - Starch:99.90%;Lubricant - Magnesium Stearate:0.10%
470422000,2025-06-05T13:40:02.422,0,0,512,212,0,0,0,1,0,0,3,0,0,0,0,0,Piccola Classic,IPT(TSM)-D,,,8,,,Single,,,,,,,,,30,Agitating,10,Diluent - Starch:99.90%;Lubricant - Magnesium Stearate:0.10%
470424000,2025-06-05T13:40:02.424,0,0,592,240,0,0,0,1,0,0,3,0,0,0,0,0,Piccola Classic,IPT(TSM)-D,,,8,,,Single,,,,,,,,,30,Agitating,10,Diluent - Starch:99.90%;Lubricant - Magnesium Stearate:0.10%
470426000,2025-06-05T13:40:02.426,0,0,597,221,0,0,0,1,0,0,3,0,0,0,0,0,Piccola Classic,IPT(TSM)-D,,,8,,,Single,,,,,,,,,30,Agitating,10,Diluent - Starch:99.90%;Lubricant - Magnesium Stearate:0.10%
470428000,2025-06-05T13:40:02.428,0,0,537,243,0,0,0,1,0,0,3,0,0,0,0,0,Piccola Classic,IPT(TSM)-D,,,8,,,Single,,,,,,,,,30,Agitating,10,Diluent - Starch:99.90%;Lubricant - Magnesium Stearate:0.10%
470430000,2025-06-05T13:40:02.430,0,0,546,228,0,0,0,1,0,0,3,0,0,0,0,0,Piccola Classic,IPT(TSM)-D,,,8,,,Single,,,,,,,,,30,Agitating,10,Diluent - Starch:99.90%;Lubricant - Magnesium Stearate:0.10%
470432000,2025-06-05T13:40:02.432,0,0,549,227,0,0,0,1,0,0,3,0,0,0,0,0,Piccola Classic,IPT(TSM)-D,,,8,,,Single,,,,,,,,,30,Agitating,10,Diluent - Starch:99.90%;Lubricant - Magnesium Stearate:0.10%
470434000,2025-06-05T13:40:02.434,0,0,514,223,0,0,0,1,0,0,3,0,0,0,0,0,Piccola Classic,IPT(TSM)-D,,,8,,,Single,,,,,,,,,30,Agitating,10,Diluent - Starch:99.90%;Lubricant - Magnesium Stearate:0.10%
470436000,2025-06-05T13:40:02.436,0,0,530,243,0,0,0,1,0,0,3,0,0,0,0,0,Piccola Classic,IPT(TSM)-D,,,8,,,Single,,,,,,,,,30,Agitating,10,Diluent - Starch:99.90%;Lubricant - Magnesium Stearate:0.10%
470438000,2025-06-05T13:40:02.438,0,0,562,202,0,0,0,1,0,0,3,0,0,0,0,0,Piccola Classic,IPT(TSM)-D,,,8,,,Single,,,,,,,,,30,Agitating,10,Diluent - Starch:99.90%;Lubricant - Magnesium Stearate:0.10%
470440000,2025-06-05T13:40:02.440,0,0,545,211,0,0,0,1,0,0,3,0,0,0,0,0,Piccola Classic,IPT(TSM)-D,,,8,,,Single,,,,,,,,,30,Agitating,10,Diluent - Starch:99.90%;Lubricant - Magnesium Stearate:0.10%
470442000,2025-06-05T13:40:02.442,0,0,528,211,0,0,0,1,0,0,3,0,0,0,0,0,Piccola Classic,IPT(TSM)-D,,,8,,,Single,,,,,,,,,30,Agitating,10,Diluent - Starch:99.90%;Lubricant - Magnesium Stearate:0.10%
470444000,2025-06-05T13:40:02.444,0,0,585,237,0,0,0,1,0,0,3,0,0,0,0,0,Piccola Classic,IPT(TSM)-D,,,8,,,Single,,,,,,,,,30,Agitating,10,Diluent - Starch:99.90%;Lubricant - Magnesium Stearate:0.10%
470446000,2025-06-05T13:40:02.446,0,0,595,219,0,0,0,1,0,0,3,0,0,0,0,0,Piccola Classic,IPT(TSM)-D,,,8,,,Single,,,,,,,,,30,Agitating,10,Diluent - Starch:99.90%;Lubricant - Magnesium Stearate:0.10%
470448000,2025-06-05T13:40:02.448,0,0,561,247,0,0,0,1,0,0,3,0,0,0,0,0,Piccola Classic,IPT(TSM)-D,,,8,,,Single,,,,,,,,,30,Agitating,10,Diluent - Starch:99.90%;Lubricant - Magnesium Stearate:0.10%
470450000,2025-06-05T13:40:02.450,0,0,530,224,0,0,0,1,0,0,3,0,0,0,0,0,Piccola Classic,IPT(TSM)-D,,,8,,,Single,,,,,,,,,30,Agitating,10,Diluent - Starch:99.90%;Lubricant - Magnesium Stearate:0.10%
470452000,2025-06-05T13:40:02.452,0,0,510,230,0,0,0,1,0,0,3,0,0,0,0,0,Piccola Classic,IPT(TSM)-D,,,8,,,Single,,,,,,,,,30,Agitating,10,Diluent - Starch:99.90%;Lubricant - Magnesium Stearate:0.10%
470454000,2025-06-05T13:40:02.454,0,0,563,225,0,0,0,1,0,0,3,0,0,0,0,0,Piccola Classic,IPT(TSM)-D,,,8,,,Single,,,,,,,,,30,Agitating,10,Diluent - Starch:99.90%;Lubricant - Magnesium Stearate:0.10%
470456000,2025-06-05T13:40:02.456,0,0,592,224,0,0,0,1,0,0,3,0,0,0,0,0,Piccola Classic,IPT(TSM)-D,,,8,,,Single,,,,,,,,,30,Agitating,10,Diluent - Starch:99.90%;Lubricant - Magnesium Stearate:0.10%
470458000,2025-06-05T13:40:02.458,0,0,591,238,0,0,0,1,0,0,3,0,0,0,0,0,Piccola Classic,IPT(TSM)-D,,,8,,,Single,,,,,,,,,30,Agitating,10,Diluent - Starch:99.90%;Lubricant - Magnesium Stearate:0.10%
470460000,2025-06-05T13:40:02.460,112,0,596,0,1,0,0,0,0,0,3,0,0,0,0,0,Piccola Classic,IPT(TSM)-D,,,8,,,Single,,,,,,,,,30,Agitating,10,Diluent - Starch:99.90%;Lubricant - Magnesium Stearate:0.10%
470462000,2025-06-05T13:40:02.462,112,0,555,0,1,0,0,0,0,0,3,0,0,0,0,0,Piccola Classic,IPT(TSM)-D,,,8,,,Single,,,,,,,,,30,Agitating,10,Diluent - Starch:99.90%;Lubricant - Magnesium Stearate:0.10%
470464000,2025-06-05T13:40:02.464,90,0,529,0,1,0,0,0,0,0,3,0,0,0,0,0,Piccola Classic,IPT(TSM)-D,,,8,,,Single,,,,,,,,,30,Agitating,10,Diluent - Starch:99.90%;Lubricant - Magnesium Stearate:0.10%
470466000,2025-06-05T13:40:02.466,105,0,566,0,1,0,0,0,0,0,3,0,0,0,0,0,Piccola Classic,IPT(TSM)-D,,,8,,,Single,,,,,,,,,30,Agitating,10,Diluent - Starch:99.90%;Lubricant - Magnesium Stearate:0.10%
470468000,2025-06-05T13:40:02.468,96,0,508,0,1,0,0,0,0,0,3,0,0,0,0,0,Piccola Classic,IPT(TSM)-D,,,8,,,Single,,,,,,,,,30,Agitating,10,Diluent - Starch:99.90%;Lubricant - Magnesium Stearate:0.10%
470470000,2025-06-05T13:40:02.470,101,0,541,0,1,0,0,0,0,0,3,0,0,0,0,0,Piccola Classic,IPT(TSM)-D,,,8,,,Single,,,,,,,,,30,Agitating,10,Diluent - Starch:99.90%;Lubricant - Magnesium Stearate:0.10%
470472000,2025-06-05T13:40:02.472,111,0,545,0,1,0,0,0,0,0,3,0,0,0,0,0,Piccola Classic,IPT(TSM)-D,,,8,,,Single,,,,,,,,,30,Agitating,10,Diluent - Starch:99.90%;Lubricant - Magnesium Stearate:0.10%
470474000,2025-06-05T13:40:02.474,112,0,529,0,1,0,0,0,0,0,3,0,0,0,0,0,Piccola Classic,IPT(TSM)-D,,,8,,,Single,,,,,,,,,30,Agitating,10,Diluent - Starch:99.90%;Lubricant - Magnesium Stearate:0.10%
470476000,2025-06-05T13:40:02.476,93,0,585,0,1,0,0,0,0,0,3,0,0,0,0,0,Piccola Classic,IPT(TSM)-D,,,8,,,Single,,,,,,,,,30,Agitating,10,Diluent - Starch:99.90%;Lubricant - Magnesium Stearate:0.10%
470478000,2025-06-05T13:40:02.478,98,0,536,0,1,0,0,0,0,0,3,0,0,0,0,0,Piccola Classic,IPT(TSM)-D,,,8,,,Single,,,,,,,,,30,Agitating,10,Diluent - Starch:99.90%;Lubricant - Magnesium Stearate:0.10%
470480000,2025-06-05T13:40:02.480,102,0,512,0,1,0,0,0,0,0,3,0,0,0,0,0,Piccola Classic,IPT(TSM)-D,,,8,,,Single,,,,,,,,,30,Agitating,10,Diluent - Starch:99.90%;Lubricant - Magnesium Stearate:0.10%
470482000,2025-06-05T13:40:02.482,95,0,515,0,1,0,0,0,0,0,3,0,0,0,0,0,Piccola Classic,IPT(TSM)-D,,,8,,,Single,,,,,,,,,30,Agitating,10,Diluent - Starch:99.90%;Lubricant - Magnesium Stearate:0.10%
470484000,2025-06-05T13:40:02.484,95,0,542,0,1,0,0,0,0,0,3,0,0,0,0,0,Piccola Classic,IPT(TSM)-D,,,8,,,Single,,,,,,,,,30,Agitating,10,Diluent - Starch:99.90%;Lubricant - Magnesium Stearate:0.10%
470486000,2025-06-05T13:40:02.486,103,0,568,0,1,0,0,0,0,0,3,0,0,0,0,0,Piccola Classic,IPT(TSM)-D,,,8,,,Single,,,,,,,,,30,Agitating,10,Diluent - Starch:99.90%;Lubricant - Magnesium Stearate:0.10%
470488000,2025-06-05T13:40:02.488,92,0,593,0,1,0,0,0,0,0,3,0,0,0,0,0,Piccola Classic,IPT(TSM)-D,,,8,,,Single,,,,,,,,,30,Agitating,10,Diluent - Starch:99.90%;Lubricant - Magnesium Stearate:0.10%
470490000,2025-06-05T13:40:02.490,97,0,554,0,1,0,0,0,0,0,3,0,0,0,0,0,Piccola Classic,IPT(TSM)-D,,,8,,,Single,,,,,,,,,30,Agitating,10,Diluent - Starch:99.90%;Lubricant - Magnesium Stearate:0.10%
470492000,2025-06-05T13:40:02.492,94,0,526,0,1,0,0,0,0,0,3,0,0,0,0,0,Piccola Classic,IPT(TSM)-D,,,8,,,Single,,,,,,,,,30,Agitating,10,Diluent - Starch:99.90%;Lubricant - Magnesium Stearate:0.10%
470494000,2025-06-05T13:40:02.494,101,0,532,0,1,0,0,0,0,0,3,0,0,0,0,0,Piccola Classic,IPT(TSM)-D,,,8,,,Single,,,,,,,,,30,Agitating,10,Diluent - Starch:99.90%;Lubricant - Magnesium Stearate:0.10%
470496000,2025-06-05T13:40:02.496,105,0,567,0,1,0,0,0,0,0,3,0,0,0,0,0,Piccola Classic,IPT(TSM)-D,,,8,,,Single,,,,,,,,,30,Agitating,10,Diluent - Starch:99.90%;Lubricant - Magnesium Stearate:0.10%
470498000,2025-06-05T13:40:02.498,99,0,534,0,1,0,0,0,0,0,3,0,0,0,0,0,Piccola Classic,IPT(TSM)-D,,,8,,,Single,,,,,,,,,30,Agitating,10,Diluent - Starch:99.90%;Lubricant - Magnesium Stearate:0.10%
470500000,2025-06-05T13:40:02.500,104,0,559,0,1,0,0,0,0,0,3,0,0,0,0,0,Piccola Classic,IPT(TSM)-D,,,8,,,Single,,,,,,,,,30,Agitating,10,Diluent - Starch:99.90%;Lubricant - Magnesium Stearate:0.10%
470502000,2025-06-05T13:40:02.502,114,0,579,0,1,0,0,0,0,0,3,0,0,0,0,0,Piccola Classic,IPT(TSM)-D,,,8,,,Single,,,,,,,,,30,Agitating,10,Diluent - Starch:99.90%;Lubricant - Magnesium Stearate:0.10%
470504000,2025-06-05T13:40:02.504,124,0,583,0,1,0,0,0,0,0,3,0,0,0,0,0,Piccola Classic,IPT(TSM)-D,,,8,,,Single,,,,,,,,,30,Agitating,10,Diluent - Starch:99.90%;Lubricant - Magnesium Stearate:0.10%
470506000,2025-06-05T13:40:02.506,89,0,564,0,1,0,0,0,0,0,3,0,0,0,0,0,Piccola Classic,IPT(TSM)-D,,,8,,,Single,,,,,,,,,30,Agitating,10,Diluent - Starch:99.90%;Lubricant - Magnesium Stearate:0.10%
470508000,2025-06-05T13:40:02.508,109,0,567,0,1,0,0,0,0,0,3,0,0,0,0,0,Piccola Classic,IPT(TSM)-D,,,8,,,Single,,,,,,,,,30,Agitating,10,Diluent - Starch:99.90%;Lubricant - Magnesium Stearate:0.10%
470510000,2025-06-05T13:40:02.510,101,0,507,0,1,0,0,0,0,0,3,0,0,0,0,0,Piccola Classic,IPT(TSM)-D,,,8,,,Single,,,,,,,,,30,Agitating,10,Diluent - Starch:99.90%;Lubricant - Magnesium Stearate:0.10%
470512000,2025-06-05T13:40:02.512,90,0,574,0,1,0,0,0,0,0,3,0,0,0,0,0,Piccola Classic,IPT(TSM)-D,,,8,,,Single,,,,,,,,,30,Agitating,10,Diluent - Starch:99.90%;Lubricant - Magnesium Stearate:0.10%
470514000,2025-06-05T13:40:02.514,106,0,541,0,1,0,0,0,0,0,3,0,0,0,0,0,Piccola Classic,IPT(TSM)-D,,,8,,,Single,,,,,,,,,30,Agitating,10,Diluent - Starch:99.90%;Lubricant - Magnesium Stearate:0.10%
470516000,2025-06-05T13:40:02.516,102,0,585,0,1,0,0,0,0,0,3,0,0,0,0,0,Piccola Classic,IPT(TSM)-D,,,8,,,Single,,,,,,,,,30,Agitating,10,Diluent - Starch:99.90%;Lubricant - Magnesium Stearate:0.10%
470518000,2025-06-05T13:40:02.518,114,0,522,0,1,0,0,0,0,0,3,0,0,0,0,0,Piccola Classic,IPT(TSM)-D,,,8,,,Single,,,,,,,,,30,Agitating,10,Diluent - Starch:99.90%;Lubricant - Magnesium Stearate:0.10%
470520000,2025-06-05T13:40:02.520,93,0,537,0,1,0,0,0,0,0,3,0,0,0,0,0,Piccola Classic,IPT(TSM)-D,,,8,,,Single,,,,,,,,,30,Agitating,10,Diluent - Starch:99.90%;Lubricant - Magnesium Stearate:0.10%
470522000,2025-06-05T13:40:02.522,102,0,547,0,1,0,0,0,0,0,3,0,0,0,0,0,Piccola Classic,IPT(TSM)-D,,,8,,,Single,,,,,,,,,30,Agitating,10,Diluent - Starch:99.90%;Lubricant - Magnesium Stearate:0.10%
470524000,2025-06-05T13:40:02.524,113,0,578,0,1,0,0,0,0,0,3,0,0,0,0,0,Piccola Classic,IPT(TSM)-D,,,8,,,Single,,,,,,,,,30,Agitating,10,Diluent - Starch:99.90%;Lubricant - Magnesium Stearate:0.10%
470526000,2025-06-05T13:40:02.526,100,0,550,0,1,0,0,0,0,0,3,0,0,0,0,0,Piccola Classic,IPT(TSM)-D,,,8,,,Single,,,,,,,,,30,Agitating,10,Diluent - Starch:99.90%;Lubricant - Magnesium Stearate:0.10%
470528000,2025-06-05T13:40:02.528,114,0,553,0,1,0,0,0,0,0,3,0,0,0,0,0,Piccola Classic,IPT(TSM)-D,,,8,,,Single,,,,,,,,,30,Agitating,10,Diluent - Starch:99.90%;Lubricant - Magnesium Stearate:0.10%
470530000,2025-06-05T13:40:02.530,118,0,513,0,1,0,0,0,0,0,3,0,0,0,0,0,Piccola Classic,IPT(TSM)-D,,,8,,,Single,,,,,,,,,30,Agitating,10,Diluent - Starch:99.90%;Lubricant - Magnesium Stearate:0.10%
470532000,2025-06-05T13:40:02.532,82,0,525,0,1,0,0,0,0,0,3,0,0,0,0,0,Piccola Classic,IPT(TSM)-D,,,8,,,Single,,,,,,,,,30,Agitating,10,Diluent - Starch:99.90%;Lubricant - Magnesium Stearate:0.10%
470534000,2025-06-05T13:40:02.534,105,0,585,0,1,0,0,0,0,0,3,0,0,0,0,0,Piccola Classic,IPT(TSM)-D,,,8,,,Single,,,,,,,,,30,Agitating,10,Diluent - Starch:99.90%;Lubricant - Magnesium Stearate:0.10%
470536000,2025-06-05T13:40:02.536,100,0,596,0,1,0,0,0,0,0,3,0,0,0,0,0,Piccola Classic,IPT(TSM)-D,,,8,,,Single,,,,,,,,,30,Agitating,10,Diluent - Starch:99.90%;Lubricant - Magnesium Stearate:0.10%
470538000,2025-06-05T13:40:02.538,95,0,547,0,1,0,0,0,0,0,3,0,0,0,0,0,Piccola Classic,IPT(TSM)-D,,,8,,,Single,,,,,,,,,30,Agitating,10,Diluent - Starch:99.90%;Lubricant - Magnesium Stearate:0.10%
470540000,2025-06-05T13:40:02.540,0,37,547,0,0,1,0,0,0,0,3,0,0,0,0,0,Piccola Classic,IPT(TSM)-D,,,8,,,Single,,,,,,,,,30,Agitating,10,Diluent - Starch:99.90%;Lubricant - Magnesium Stearate:0.10%
470542000,2025-06-05T13:40:02.542,0,42,551,0,0,1,0,0,0,0,3,0,0,0,0,0,Piccola Classic,IPT(TSM)-D,,,8,,,Single,,,,,,,,,30,Agitating,10,Diluent - Starch:99.90%;Lubricant - Magnesium Stearate:0.10%
470544000,2025-06-05T13:40:02.544,0,50,567,0,0,1,0,0,0,0,3,0,0,0,0,0,Piccola Classic,IPT(TSM)-D,,,8,,,Single,,,,,,,,,30,Agitating,10,Diluent - Starch:99.90%;Lubricant - Magnesium Stearate:0.10%
470546000,2025-06-05T13:40:02.546,0,46,523,0,0,1,0,0,0,0,3,0,0,0,0,0,Piccola Classic,IPT(TSM)-D,,,8,,,Single,,,,,,,,,30,Agitating,10,Diluent - Starch:99.90%;Lubricant - Magnesium Stearate:0.10%
470548000,2025-06-05T13:40:02.548,0,31,535,0,0,1,0,0,0,0,3,0,0,0,0,0,Piccola Classic,IPT(TSM)-D,,,8,,,Single,,,,,,,,,30,Agitating,10,Diluent - Starch:99.90%;Lubricant - Magnesium Stearate:0.10%
470550000,2025-06-05T13:40:02.550,0,35,573,0,0,1,0,0,0,0,3,0,0,0,0,0,Piccola Classic,IPT(TSM)-D,,,8,,,Single,,,,,,,,,30,Agitating,10,Diluent - Starch:99.90%;Lubricant - Magnesium Stearate:0.10%
470552000,2025-06-05T13:40:02.552,0,36,588,0,0,1,0,0,0,0,3,0,0,0,0,0,Piccola Classic,IPT(TSM)-D,,,8,,,Single,,,,,,,,,30,Agitating,10,Diluent - Starch:99.90%;Lubricant - Magnesium Stearate:0.10%
470554000,2025-06-05T13:40:02.554,0,39,568,0,0,1,0,0,0,0,3,0,0,0,0,0,Piccola Classic,IPT(TSM)-D,,,8,,,Single,,,,,,,,,30,Agitating,10,Diluent - Starch:99.90%;Lubricant - Magnesium Stearate:0.10%
470556000,2025-06-05T13:40:02.556,0,30,538,0,0,1,0,0,0,0,3,0,0,0,0,0,Piccola Classic,IPT(TSM)-D,,,8,,,Single,,,,,,,,,30,Agitating,10,Diluent - Starch:99.90%;Lubricant - Magnesium Stearate:0.10%
470558000,2025-06-05T13:40:02.558,0,31,564,0,0,1,0,0,0,0,3,0,0,0,0,0,Piccola Classic,IPT(TSM)-D,,,8,,,Single,,,,,,,,,30,Agitating,10,Diluent - Starch:99.90%;Lubricant - Magnesium Stearate:0.10%
470560000,2025-06-05T13:40:02.560,0,37,567,0,0,1,0,0,0,0,3,0,0,0,0,0,Piccola Classic,IPT(TSM)-D,,,8,,,Single,,,,,,,,,30,Agitating,10,Diluent - Starch:99.90%;Lubricant - Magnesium Stearate:0.10%
470562000,2025-06-05T13:40:02.562,0,42,538,0,0,1,0,0,0,0,3,0,0,0,0,0,Piccola Classic,IPT(TSM)-D,,,8,,,Single,,,,,,,,,30,Agitating,10,Diluent - Starch:99.90%;Lubricant - Magnesium Stearate:0.10%
470564000,2025-06-05T13:40:02.564,0,56,583,0,0,1,0,0,0,0,3,0,0,0,0,0,Piccola Classic,IPT(TSM)-D,,,8,,,Single,,,,,,,,,30,Agitating,10,Diluent - Starch:99.90%;Lubricant - Magnesium Stearate:0.10%
470566000,2025-06-05T13:40:02.566,0,43,557,0,0,1,0,0,0,0,3,0,0,0,0,0,Piccola Classic,IPT(TSM)-D,,,8,,,Single,,,,,,,,,30,Agitating,10,Diluent - Starch:99.90%;Lubricant - Magnesium Stearate:0.10%
470568000,2025-06-05T13:40:02.568,0,44,536,0,0,1,0,0,0,0,3,0,0,0,0,0,Piccola Classic,IPT(TSM)-D,,,8,,,Single,,,,,,,,,30,Agitating,10,Diluent - Starch:99.90%;Lubricant - Magnesium Stearate:0.10%
470570000,2025-06-05T13:40:02.570,0,50,575,0,0,1,0,0,0,0,3,0,0,0,0,0,Piccola Classic,IPT(TSM)-D,,,8,,,Single,,,,,,,,,30,Agitating,10,Diluent - Starch:99.90%;Lubricant - Magnesium Stearate:0.10%
470572000,2025-06-05T13:40:02.572,0,22,553,0,0,1,0,0,0,0,3,0,0,0,0,0,Piccola Classic,IPT(TSM)-D,,,8,,,Single,,,,,,,,,30,Agitating,10,Diluent - Starch:99.90%;Lubricant - Magnesium Stearate:0.10%
470574000,2025-06-05T13:40:02.574,0,18,511,0,0,1,0,0,0,0,3,0,0,0,0,0,Piccola Classic,IPT(TSM)-D,,,8,,,Single,,,,,,,,,30,Agitating,10,Diluent - Starch:99.90%;Lubricant - Magnesium Stearate:0.10%
470576000,2025-06-05T13:40:02.576,0,36,591,0,0,1,0,0,0,0,3,0,0,0,0,0,Piccola Classic,IPT(TSM)-D,,,8,,,Single,,,,,,,,,30,Agitating,10,Diluent - Starch:99.90%;Lubricant - Magnesium Stearate:0.10%
470578000,2025-06-05T13:40:02.578,0,37,583,0,0,1,0,0,0,0,3,0,0,0,0,0,Piccola Classic,IPT(TSM)-D,,,8,,,Single,,,,,,,,,30,Agitating,10,Diluent - Starch:99.90%;Lubricant - Magnesium Stearate:0.10%
470580000,2025-06-05T13:40:02.580,0,40,544,0,0,1,0,0,0,0,3,0,0,0,0,0,Piccola Classic,IPT(TSM)-D,,,8,,,Single,,,,,,,,,30,Agitating,10,Diluent - Starch:99.90%;Lubricant - Magnesium Stearate:0.10%
470582000,2025-06-05T13:40:02.582,0,39,572,0,0,1,0,0,0,0,3,0,0,0,0,0,Piccola Classic,IPT(TSM)-D,,,8,,,Single,,,,,,,,,30,Agitating,10,Diluent - Starch:99.90%;Lubricant - Magnesium Stearate:0.10%
470584000,2025-06-05T13:40:02.584,0,52,507,0,0,1,0,0,0,0,3,0,0,0,0,0,Piccola Classic,IPT(TSM)-D,,,8,,,Single,,,,,,,,,30,Agitating,10,Diluent - Starch:99.90%;Lubricant - Magnesium Stearate:0.10%
470586000,2025-06-05T13:40:02.586,0,29,544,0,0,1,0,0,0,0,3,0,0,0,0,0,Piccola Classic,IPT(TSM)-D,,,8,,,Single,,,,,,,,,30,Agitating,10,Diluent - Starch:99.90%;Lubricant - Magnesium Stearate:0.10%
470588000,2025-06-05T13:40:02.588,0,43,590,0,0,1,0,0,0,0,3,0,0,0,0,0,Piccola Classic,IPT(TSM)-D,,,8,,,Single,,,,,,,,,30,Agitating,10,Diluent - Starch:99.90%;Lubricant - Magnesium Stearate:0.10%
470590000,2025-06-05T13:40:02.590,0,38,542,0,0,1,0,0,0,0,3,0,0,0,0,0,Piccola Classic,IPT(TSM)-D,,,8,,,Single,,,,,,,,,30,Agitating,10,Diluent - Starch:99.90%;Lubricant - Magnesium Stearate:0.10%
470592000,2025-06-05T13:40:02.592,0,26,585,0,0,1,0,0,0,0,3,0,0,0,0,0,Piccola Classic,IPT(TSM)-D,,,8,,,Single,,,,,,,,,30,Agitating,10,Diluent - Starch:99.90%;Lubricant - Magnesium Stearate:0.10%
470594000,2025-06-05T13:40:02.594,0,48,560,0,0,1,0,0,0,0,3,0,0,0,0,0,Piccola Classic,IPT(TSM)-D,,,8,,,Single,,,,,,,,,30,Agitating,10,Diluent - Starch:99.90%;Lubricant - Magnesium Stearate:0.10%
470596000,2025-06-05T13:40:02.596,0,48,577,0,0,1,0,0,0,0,3,0,0,0,0,0,Piccola Classic,IPT(TSM)-D,,,8,,,Single,,,,,,,,,30,Agitating,10,Diluent - Starch:99.90%;Lubricant - Magnesium Stearate:0.10%
470598000,2025-06-05T13:40:02.598,0,33,577,0,0,1,0,0,0,0,3,0,0,0,0,0,Piccola Classic,IPT(TSM)-D,,,8,,,Single,,,,,,,,,30,Agitating,10,Diluent - Starch:99.90%;Lubricant - Magnesium Stearate:0.10%
470600000,2025-06-05T13:40:02.600,0,57,594,0,0,1,0,0,0,0,3,0,0,0,0,0,Piccola Classic,IPT(TSM)-D,,,8,,,Single,,,,,,,,,30,Agitating,10,Diluent - Starch:99.90%;Lubricant - Magnesium Stearate:0.10%
470602000,2025-06-05T13:40:02.602,0,46,537,0,0,1,0,0,0,0,3,0,0,0,0,0,Piccola Classic,IPT(TSM)-D,,,8,,,Single,,,,,,,,,30,Agitating,10,Diluent - Starch:99.90%;Lubricant - Magnesium Stearate:0.10%
470604000,2025-06-05T13:40:02.604,0,61,526,0,0,1,0,0,0,0,3,0,0,0,0,0,Piccola Classic,IPT(TSM)-D,,,8,,,Single,,,,,,,,,30,Agitating,10,Diluent - Starch:99.90%;Lubricant - Magnesium Stearate:0.10%
470606000,2025-06-05T13:40:02.606,0,36,532,0,0,1,0,0,0,0,3,0,0,0,0,0,Piccola Classic,IPT(TSM)-D,,,8,,,Single,,,,,,,,,30,Agitating,10,Diluent - Starch:99.90%;Lubricant - Magnesium Stearate:0.10%
470608000,2025-06-05T13:40:02.608,0,36,558,0,0,1,0,0,0,0,3,0,0,0,0,0,Piccola Classic,IPT(TSM)-D,,,8,,,Single,,,,,,,,,30,Agitating,10,Diluent - Starch:99.90%;Lubricant - Magnesium Stearate:0.10%
470610000,2025-06-05T13:40:02.610,0,19,555,0,0,1,0,0,0,0,3,0,0,0,0,0,Piccola Classic,IPT(TSM)-D,,,8,,,Single,,,,,,,,,30,Agitating,10,Diluent - Starch:99.90%;Lubricant - Magnesium Stearate:0.10%
470612000,2025-06-05T13:40:02.612,0,41,570,0,0,1,0,0,0,0,3,0,0,0,0,0,Piccola Classic,IPT(TSM)-D,,,8,,,Single,,,,,,,,,30,Agitating,10,Diluent - Starch:99.90%;Lubricant - Magnesium Stearate:0.10%
470614000,2025-06-05T13:40:02.614,0,47,531,0,0,1,0,0,0,0,3,0,0,0,0,0,Piccola Classic,IPT(TSM)-D,,,8,,,Single,,,,,,,,,30,Agitating,10,Diluent - Starch:99.90%;Lubricant - Magnesium Stearate:0.10%
470616000,2025-06-05T13:40:02.616,0,71,558,0,0,1,0,0,0,0,3,0,0,0,0,0,Piccola Classic,IPT(TSM)-D,,,8,,,Single,,,,,,,,,30,Agitating,10,Diluent - Starch:99.90%;Lubricant - Magnesium Stearate:0.10%
470618000,2025-06-05T13:40:02.618,0,39,569,0,0,1,0,0,0,0,3,0,0,0,0,0,Piccola Classic,IPT(TSM)-D,,,8,,,Single,,,,,,,,,30,Agitating,10,Diluent - Starch:99.90%;Lubricant - Magnesium Stearate:0.10%
470620000,2025-06-05T13:40:02.620,0,0,692,0,0,0,1,0,0,0,3,0,0,0,0,0,Piccola Classic,IPT(TSM)-D,,,8,,,Single,,,,,,,,,30,Agitating,10,Diluent - Starch:99.90%;Lubricant - Magnesium Stearate:0.10%
470622000,2025-06-05T13:40:02.622,0,0,764,0,0,0,1,0,0,0,3,0,0,0,0,0,Piccola Classic,IPT(TSM)-D,,,8,,,Single,,,,,,,,,30,Agitating,10,Diluent - Starch:99.90%;Lubricant - Magnesium Stearate:0.10%
470624000,2025-06-05T13:40:02.624,0,0,870,0,0,0,1,0,0,0,3,0,0,0,0,0,Piccola Classic,IPT(TSM)-D,,,8,,,Single,,,,,,,,,30,Agitating,10,Diluent - Starch:99.90%;Lubricant - Magnesium Stearate:0.10%
470626000,2025-06-05T13:40:02.626,0,0,744,0,0,0,1,0,0,0,3,0,0,0,0,0,Piccola Classic,IPT(TSM)-D,,,8,,,Single,,,,,,,,,30,Agitating,10,Diluent - Starch:99.90%;Lubricant - Magnesium Stearate:0.10%
470628000,2025-06-05T13:40:02.628,0,0,682,0,0,0,1,0,0,0,3,0,0,0,0,0,Piccola Classic,IPT(TSM)-D,,,8,,,Single,,,,,,,,,30,Agitating,10,Diluent - Starch:99.90%;Lubricant - Magnesium Stearate:0.10%
470630000,2025-06-05T13:40:02.630,0,0,806,0,0,0,1,0,0,0,3,0,0,0,0,0,Piccola Classic,IPT(TSM)-D,,,8,,,Single,,,,,,,,,30,Agitating,10,Diluent - Starch:99.90%;Lubricant - Magnesium Stearate:0.10%
470632000,2025-06-05T13:40:02.632,0,0,680,0,0,0,1,0,0,0,3,0,0,0,0,0,Piccola Classic,IPT(TSM)-D,,,8,,,Single,,,,,,,,,30,Agitating,10,Diluent - Starch:99.90%;Lubricant - Magnesium Stearate:0.10%
470634000,2025-06-05T13:40:02.634,0,0,804,0,0,0,1,0,0,0,3,0,0,0,0,0,Piccola Classic,IPT(TSM)-D,,,8,,,Single,,,,,,,,,30,Agitating,10,Diluent - Starch:99.90%;Lubricant - Magnesium Stearate:0.10%
470636000,2025-06-05T13:40:02.636,0,0,902,0,0,0,1,0,0,0,3,0,0,0,0,0,Piccola Classic,IPT(TSM)-D,,,8,,,Single,,,,,,,,,30,Agitating,10,Diluent - Starch:99.90%;Lubricant - Magnesium Stearate:0.10%
470638000,2025-06-05T13:40:02.638,0,0,623,0,0,0,1,0,0,0,3,0,0,0,0,0,Piccola Classic,IPT(TSM)-D,,,8,,,Single,,,,,,,,,30,Agitating,10,Diluent - Starch:99.90%;Lubricant - Magnesium Stearate:0.10%
470640000,2025-06-05T13:40:02.640,0,0,834,0,0,0,1,0,0,0,3,0,0,0,0,0,Piccola Classic,IPT(TSM)-D,,,8,,,Single,,,,,,,,,30,Agitating,10,Diluent - Starch:99.90%;Lubricant - Magnesium Stearate:0.10%
470642000,2025-06-05T13:40:02.642,0,0,629,0,0,0,1,0,0,0,3,0,0,0,0,0,Piccola Classic,IPT(TSM)-D,,,8,,,Single,,,,,,,,,30,Agitating,10,Diluent - Starch:99.90%;Lubricant - Magnesium Stearate:0.10%
470644000,2025-06-05T13:40:02.644,0,0,902,0,0,0,1,0,0,0,3,0,0,0,0,0,Piccola Classic,IPT(TSM)-D,,,8,,,Single,,,,,,,,,30,Agitating,10,Diluent - Starch:99.90%;Lubricant - Magnesium Stearate:0.10%
470646000,2025-06-05T13:40:02.646,0,0,781,0,0,0,1,0,0,0,3,0,0,0,0,0,Piccola Classic,IPT(TSM)-D,,,8,,,Single,,,,,,,,,30,Agitating,10,Diluent - Starch:99.90%;Lubricant - Magnesium Stearate:0.10%
470648000,2025-06-05T13:40:02.648,0,0,735,0,0,0,1,0,0,0,3,0,0,0,0,0,Piccola Classic,IPT(TSM)-D,,,8,,,Single,,,,,,,,,30,Agitating,10,Diluent - Starch:99.90%;Lubricant - Magnesium Stearate:0.10%
470650000,2025-06-05T13:40:02.650,0,0,690,0,0,0,1,0,0,0,3,0,0,0,0,0,Piccola Classic,IPT(TSM)-D,,,8,,,Single,,,,,,,,,30,Agitating,10,Diluent - Starch:99.90%;Lubricant - Magnesium Stearate:0.10%
470652000,2025-06-05T13:40:02.652,0,0,829,0,0,0,1,0,0,0,3,0,0,0,0,0,Piccola Classic,IPT(TSM)-D,,,8,,,Single,,,,,,,,,30,Agitating,10,Diluent - Starch:99.90%;Lubricant - Magnesium Stearate:0.10%
470654000,2025-06-05T13:40:02.654,0,0,816,0,0,0,1,0,0,0,3,0,0,0,0,0,Piccola Classic,IPT(TSM)-D,,,8,,,Single,,,,,,,,,30,Agitating,10,Diluent - Starch:99.90%;Lubricant - Magnesium Stearate:0.10%
470656000,2025-06-05T13:40:02.656,0,0,777,0,0,0,1,0,0,0,3,0,0,0,0,0,Piccola Classic,IPT(TSM)-D,,,8,,,Single,,,,,,,,,30,Agitating,10,Diluent - Starch:99.90%;Lubricant - Magnesium Stearate:0.10%
470658000,2025-06-05T13:40:02.658,0,0,692,0,0,0,1,0,0,0,3,0,0,0,0,0,Piccola Classic,IPT(TSM)-D,,,8,,,Single,,,,,,,,,30,Agitating,10,Diluent - Starch:99.90%;Lubricant - Magnesium Stearate:0.10%
470660000,2025-06-05T13:40:02.660,0,0,830,0,0,0,1,0,0,0,3,0,0,0,0,0,Piccola Classic,IPT(TSM)-D,,,8,,,Single,,,,,,,,,30,Agitating,10,Diluent - Starch:99.90%;Lubricant - Magnesium Stearate:0.10%
470662000,2025-06-05T13:40:02.662,0,0,820,0,0,0,1,0,0,0,3,0,0,0,0,0,Piccola Classic,IPT(TSM)-D,,,8,,,Single,,,,,,,,,30,Agitating,10,Diluent - Starch:99.90%;Lubricant - Magnesium Stearate:0.10%
470664000,2025-06-05T13:40:02.664,0,0,730,0,0,0,1,0,0,0,3,0,0,0,0,0,Piccola Classic,IPT(TSM)-D,,,8,,,Single,,,,,,,,,30,Agitating,10,Diluent - Starch:99.90%;Lubricant - Magnesium Stearate:0.10%
470666000,2025-06-05T13:40:02.666,0,0,910,0,0,0,1,0,0,0,3,0,0,0,0,0,Piccola Classic,IPT(TSM)-D,,,8,,,Single,,,,,,,,,30,Agitating,10,Diluent - Starch:99.90%;Lubricant - Magnesium Stearate:0.10%
470668000,2025-06-05T13:40:02.668,0,0,838,0,0,0,1,0,0,0,3,0,0,0,0,0,Piccola Classic,IPT(TSM)-D,,,8,,,Single,,,,,,,,,30,Agitating,10,Diluent - Starch:99.90%;Lubricant - Magnesium Stearate:0.10%
470670000,2025-06-05T13:40:02.670,0,0,655,0,0,0,1,0,0,0,3,0,0,0,0,0,Piccola Classic,IPT(TSM)-D,,,8,,,Single,,,,,,,,,30,Agitating,10,Diluent - Starch:99.90%;Lubricant - Magnesium Stearate:0.10%
470672000,2025-06-05T13:40:02.672,0,0,704,0,0,0,1,0,0,0,3,0,0,0,0,0,Piccola Classic,IPT(TSM)-D,,,8,,,Single,,,,,,,,,30,Agitating,10,Diluent - Starch:99.90%;Lubricant - Magnesium Stearate:0.10%
470674000,2025-06-05T13:40:02.674,0,0,660,0,0,0,1,0,0,0,3,0,0,0,0,0,Piccola Classic,IPT(TSM)-D,,,8,,,Single,,,,,,,,,30,Agitating,10,Diluent - Starch:99.90%;Lubricant - Magnesium Stearate:0.10%
470676000,2025-06-05T13:40:02.676,0,0,605,0,0,0,1,0,0,0,3,0,0,0,0,0,Piccola Classic,IPT(TSM)-D,,,8,,,Single,,,,,,,,,30,Agitating,10,Diluent - Starch:99.90%;Lubricant - Magnesium Stearate:0.10%
470678000,2025-06-05T13:40:02.678,0,0,604,0,0,0,1,0,0,0,3,0,0,0,0,0,Piccola Classic,IPT(TSM)-D,,,8,,,Single,,,,,,,,,30,Agitating,10,Diluent - Starch:99.90%;Lubricant - Magnesium Stearate:0.10%
470680000,2025-06-05T13:40:02.680,0,0,841,0,0,0,1,0,0,0,3,0,0,0,0,0,Piccola Classic,IPT(TSM)-D,,,8,,,Single,,,,,,,,,30,Agitating,10,Diluent - Starch:99.90%;Lubricant - Magnesium Stearate:0.10%
470682000,2025-06-05T13:40:02.682,0,0,762,0,0,0,1,0,0,0,3,0,0,0,0,0,Piccola Classic,IPT(TSM)-D,,,8,,,Single,,,,,,,,,30,Agitating,10,Diluent - Starch:99.90%;Lubricant - Magnesium Stearate:0.10%
470684000,2025-06-05T13:40:02.684,0,0,745,0,0,0,1,0,0,0,3,0,0,0,0,0,Piccola Classic,IPT(TSM)-D,,,8,,,Single,,,,,,,,,30,Agitating,10,Diluent - Starch:99.90%;Lubricant - Magnesium Stearate:0.10%
470686000,2025-06-05T13:40:02.686,0,0,829,0,0,0,1,0,0,0,3,0,0,0,0,0,Piccola Classic,IPT(TSM)-D,,,8,,,Single,,,,,,,,,30,Agitating,10,Diluent - Starch:99.90%;Lubricant - Magnesium Stearate:0.10%
470688000,2025-06-05T13:40:02.688,0,0,647,0,0,0,1,0,0,0,3,0,0,0,0,0,Piccola Classic,IPT(TSM)-D,,,8,,,Single,,,,,,,,,30,Agitating,10,Diluent - Starch:99.90%;Lubricant - Magnesium Stearate:0.10%
470690000,2025-06-05T13:40:02.690,0,0,627,0,0,0,1,0,0,0,3,0,0,0,0,0,Piccola Classic,IPT(TSM)-D,,,8,,,Single,,,,,,,,,30,Agitating,10,Diluent - Starch:99.90%;Lubricant - Magnesium Stearate:0.10%
470692000,2025-06-05T13:40:02.692,0,0,833,0,0,0,1,0,0,0,3,0,0,0,0,0,Piccola Classic,IPT(TSM)-D,,,8,,,Single,,,,,,,,,30,Agitating,10,Diluent - Starch:99.90%;Lubricant - Magnesium Stearate:0.10%
470694000,2025-06-05T13:40:02.694,0,0,606,0,0,0,1,0,0,0,3,0,0,0,0,0,Piccola Classic,IPT(TSM)-D,,,8,,,Single,,,,,,,,,30,Agitating,10,Diluent - Starch:99.90%;Lubricant - Magnesium Stearate:0.10%
470696000,2025-06-05T13:40:02.696,0,0,892,0,0,0,1,0,0,0,3,0,0,0,0,0,Piccola Classic,IPT(TSM)-D,,,8,,,Single,,,,,,,,,30,Agitating,10,Diluent - Starch:99.90%;Lubricant - Magnesium Stearate:0.10%
470698000,2025-06-05T13:40:02.698,0,0,715,0,0,0,1,0,0,0,3,0,0,0,0,0,Piccola Classic,IPT(TSM)-D,,,8,,,Single,,,,,,,,,30,Agitating,10,Diluent - Starch:99.90%;Lubricant - Magnesium Stearate:0.10%
470700000,2025-06-05T13:40:02.700,375,348,592,247,0,0,0,3,0,0,3,0,0,0,0,0,Piccola Classic,IPT(TSM)-D,,,8,,,Single,,,,,,,,,30,Agitating,10,Diluent - Starch:99.90%;Lubricant - Magnesium Stearate:0.10%
470702000,2025-06-05T13:40:02.702,368,0,513,236,0,0,0,3,0,0,3,0,0,0,0,0,Piccola Classic,IPT(TSM)-D,,,8,,,Single,,,,,,,,,30,Agitating,10,Diluent - Starch:99.90%;Lubricant - Magnesium Stearate:0.10%
470704000,2025-06-05T13:40:02.704,383,0,530,208,0,0,0,3,0,0,3,0,0,0,0,0,Piccola Classic,IPT(TSM)-D,,,8,,,Single,,,,,,,,,30,Agitating,10,Diluent - Starch:99.90%;Lubricant - Magnesium Stearate:0.10%
470706000,2025-06-05T13:40:02.706,0,315,539,234,0,0,0,3,0,0,3,0,0,0,0,0,Piccola Classic,IPT(TSM)-D,,,8,,,Single,,,,,,,,,30,Agitating,10,Diluent - Starch:99.90%;Lubricant - Magnesium Stearate:0.10%
470708000,2025-06-05T13:40:02.708,0,345,570,220,0,0,0,3,0,0,3,0,0,0,0,0,Piccola Classic,IPT(TSM)-D,,,8,,,Single,,,,,,,,,30,Agitating,10,Diluent - Starch:99.90%;Lubricant - Magnesium Stearate:0.10%
470710000,2025-06-05T13:40:02.710,397,265,582,209,0,0,0,3,0,0,3,0,0,0,0,0,Piccola Classic,IPT(TSM)-D,,,8,,,Single,,,,,,,,,30,Agitating,10,Diluent - Starch:99.90%;Lubricant - Magnesium Stearate:0.10%
470712000,2025-06-05T13:40:02.712,0,305,590,238,0,0,0,3,0,0,3,0,0,0,0,0,Piccola Classic,IPT(TSM)-D,,,8,,,Single,,,,,,,,,30,Agitating,10,Diluent - Starch:99.90%;Lubricant - Magnesium Stearate:0.10%
470714000,2025-06-05T13:40:02.714,0,0,557,207,0,0,0,3,0,0,3,0,0,0,0,0,Piccola Classic,IPT(TSM)-D,,,8,,,Single,,,,,,,,,30,Agitating,10,Diluent - Starch:99.90%;Lubricant - Magnesium Stearate:0.10%
470716000,2025-06-05T13:40:02.716,334,0,586,203,0,0,0,3,0,0,3,0,0,0,0,0,Piccola Classic,IPT(TSM)-D,,,8,,,Single,,,,,,,,,30,Agitating,10,Diluent - Starch:99.90%;Lubricant - Magnesium Stearate:0.10%
470718000,2025-06-05T13:40:02.718,319,0,514,230,0,0,0,3,0,0,3,0,0,0,0,0,Piccola Classic,IPT(TSM)-D,,,8,,,Single,,,,,,,,,30,Agitating,10,Diluent - Starch:99.90%;Lubricant - Magnesium Stearate:0.10%
470720000,2025-06-05T13:40:02.720,397,0,579,238,0,0,0,3,0,0,3,0,0,0,0,0,Piccola Classic,IPT(TSM)-D,,,8,,,Single,,,,,,,,,30,Agitating,10,Diluent - Starch:99.90%;Lubricant - Magnesium Stearate:0.10%
470722000,2025-06-05T13:40:02.722,336,0,507,207,0,0,0,3,0,0,3,0,0,0,0,0,Piccola Classic,IPT(TSM)-D,,,8,,,Single,,,,,,,,,30,Agitating,10,Diluent - Starch:99.90%;Lubricant - Magnesium Stearate:0.10%
470724000,2025-06-05T13:40:02.724,395,0,582,248,0,0,0,3,0,0,3,0,0,0,0,0,Piccola Classic,IPT(TSM)-D,,,8,,,Single,,,,,,,,,30,Agitating,10,Diluent - Starch:99.90%;Lubricant - Magnesium Stearate:0.10%
470726000,2025-06-05T13:40:02.726,309,297,562,210,0,0,0,3,0,0,3,0,0,0,0,0,Piccola Classic,IPT(TSM)-D,,,8,,,Single,,,,,,,,,30,Agitating,10,Diluent - Starch:99.90%;Lubricant - Magnesium Stearate:0.10%
470728000,2025-06-05T13:40:02.728,0,300,537,236,0,0,0,3,0,0,3,0,0,0,0,0,Piccola Classic,IPT(TSM)-D,,,8,,,Single,,,,,,,,,30,Agitating,10,Diluent - Starch:99.90%;Lubricant - Magnesium Stearate:0.10%
470730000,2025-06-05T13:40:02.730,323,0,521,233,0,0,0,3,0,0,3,0,0,0,0,0,Piccola Classic,IPT(TSM)-D,,,8,,,Single,,,,,,,,,30,Agitating,10,Diluent - Starch:99.90%;Lubricant - Magnesium Stearate:0.10%
470732000,2025-06-05T13:40:02.732,394,320,571,200,0,0,0,3,0,0,3,0,0,0,0,0,Piccola Classic,IPT(TSM)-D,,,8,,,Single,,,,,,,,,30,Agitating,10,Diluent - Starch:99.90%;Lubricant - Magnesium Stearate:0.10%
470734000,2025-06-05T13:40:02.734,0,294,542,233,0,0,0,3,0,0,3,0,0,0,0,0,Piccola Classic,IPT(TSM)-D,,,8,,,Single,,,,,,,,,30,Agitating,10,Diluent - Starch:99.90%;Lubricant - Magnesium Stearate:0.10%
470736000,2025-06-05T13:40:02.736,0,0,519,211,0,0,0,3,0,0,3,0,0,0,0,0,Piccola Classic,IPT(TSM)-D,,,8,,,Single,,,,,,,,,30,Agitating,10,Diluent - Starch:99.90%;Lubricant - Magnesium Stearate:0.10%
470738000,2025-06-05T13:40:02.738,326,0,586,205,0,0,0,3,0,0,3,0,0,0,0,0,Piccola Classic,IPT(TSM)-D,,,8,,,Single,,,,,,,,,30,Agitating,10,Diluent - Starch:99.90%;Lubricant - Magnesium Stearate:0.10%
470740000,2025-06-05T13:40:02.740,381,279,560,215,0,0,0,3,0,0,3,0,0,0,0,0,Piccola Classic,IPT(TSM)-D,,,8,,,Single,,,,,,,,,30,Agitating,10,Diluent - Starch:99.90%;Lubricant - Magnesium Stearate:0.10%
470742000,2025-06-05T13:40:02.742,327,0,539,232,0,0,0,3,0,0,3,0,0,0,0,0,Piccola Classic,IPT(TSM)-D,,,8,,,Single,,,,,,,,,30,Agitating,10,Diluent - Starch:99.90%;Lubricant - Magnesium Stearate:0.10%
470744000,2025-06-05T13:40:02.744,341,255,524,204,0,0,0,3,0,0,3,0,0,0,0,0,Piccola Classic,IPT(TSM)-D,,,8,,,Single,,,,,,,,,30,Agitating,10,Diluent - Starch:99.90%;Lubricant - Magnesium Stearate:0.10%
470746000,2025-06-05T13:40:02.746,393,260,542,243,0,0,0,3,0,0,3,0,0,0,0,0,Piccola Classic,IPT(TSM)-D,,,8,,,Single,,,,,,,,,30,Agitating,10,Diluent - Starch:99.90%;Lubricant - Magnesium Stearate:0.10%
470748000,2025-06-05T13:40:02.748,327,273,523,220,0,0,0,3,0,0,3,0,0,0,0,0,Piccola Classic,IPT(TSM)-D,,,8,,,Single,,,,,,,,,30,Agitating,10,Diluent - Starch:99.90%;Lubricant - Magnesium Stearate:0.10%
470750000,2025-06-05T13:40:02.750,379,0,519,236,0,0,0,3,0,0,3,0,0,0,0,0,Piccola Classic,IPT(TSM)-D,,,8,,,Single,,,,,,,,,30,Agitating,10,Diluent - Starch:99.90%;Lubricant - Magnesium Stearate:0.10%
470752000,2025-06-05T13:40:02.752,0,282,535,249,0,0,0,3,0,0,3,0,0,0,0,0,Piccola Classic,IPT(TSM)-D,,,8,,,Single,,,,,,,,,30,Agitating,10,Diluent - Starch:99.90%;Lubricant - Magnesium Stearate:0.10%
470754000,2025-06-05T13:40:02.754,382,287,562,233,0,0,0,3,0,0,3,0,0,0,0,0,Piccola Classic,IPT(TSM)-D,,,8,,,Single,,,,,,,,,30,Agitating,10,Diluent - Starch:99.90%;Lubricant - Magnesium Stearate:0.10%
470756000,2025-06-05T13:40:02.756,308,340,572,206,0,0,0,3,0,0,3,0,0,0,0,0,Piccola Classic,IPT(TSM)-D,,,8,,,Single,,,,,,,,,30,Agitating,10,Diluent - Starch:99.90%;Lubricant - Magnesium Stearate:0.10%
470758000,2025-06-05T13:40:02.758,312,313,567,232,0,0,0,3,0,0,3,0,0,0,0,0,Piccola Classic,IPT(TSM)-D,,,8,,,Single,,,,,,,,,30,Agitating,10,Diluent - Starch:99.90%;Lubricant - Magnesium Stearate:0.10%
470760000,2025-06-05T13:40:02.760,90,271,529,0,3,0,0,0,0,0,3,0,0,0,0,0,Piccola Classic,IPT(TSM)-D,,,8,,,Single,,,,,,,,,30,Agitating,10,Diluent - Starch:99.90%;Lubricant - Magnesium Stearate:0.10%
470762000,2025-06-05T13:40:02.762,383,0,596,0,3,0,0,0,0,0,3,0,0,0,0,0,Piccola Classic,IPT(TSM)-D,,,8,,,Single,,,,,,,,,30,Agitating,10,Diluent - Starch:99.90%;Lubricant - Magnesium Stearate:0.10%
